1008
1041
1039
986
960
1072
967
964
958
942
993
951
948
954
985
943
982
939
1005
943
947
994
979
968
945
943
938
955
952
932
950
940
937
945
950
931
960
931
969
955
934
957
995
943
1009
924
1007
933
963
1056
945
940
1022
932
952
989
984
928
973
937
1048
959
1034
935
1066
931
945
929
1008
980
1028
1020
1031
930
982
922
972
927
985
932
1010
932
969
931
997
940
1276
974
955
956
943
957
975
929
1005
1043
956
986
932
1011
934
977
944
1026
945
985
941
981
928
985
938
1016
932
983
927
1003
939
968
924
947
946
1006
928
945
941
982
930
958
930
952
925
951
947
928
927
955
944
967
930
943
937
941
952
928
925
962
958
957
928
933
971
936
952
932
962
931
940
928
981
923
986
932
983
951
951
947
970
930
960
937
986
962
934
927
1001
935
929
926
1020
927
928
937
1006
936
944
926
1021
935
931
933
978
937
936
960
950
951
938
930
967
918
934
938
964
909
955
949
938
946
926
926
930
940
1248
931
943
948
945
948
940
918
1283
926
1051
918
930
936
929
956
957
937
925
906
942
927
954
934
939
930
926
969
932
942
928
986
930
1014
917
973
950
950
928
964
925
1016
929
984
946
1014
949
1016
983
979
930
974
939
979
940
973
954
935
930
977
923
926
937
979
946
929
924
1010
944
953
946
953
926
1002
967
960
925
1024
945
958
1039
996
948
987
925
927
946
946
908
996
925
971
924
927
936
997
932
920
935
931
944
948
936
943
939
936
929
945
935
953
955
955
925
933
935
930
948
926
928
932
983
927
928
927
973
927
1209
943
974
932
938
928
980
930
1243
991
928
921
944
942
927
958
935
929
965
925
932
916
978
929
930
946
967
918
910
929
965
936
941
930
1002
926
928
922
964
927
937
928
1017
939
941
948
946
930
934
957
943
944
950
942
968
941
1009
942
932
911
951
922
956
927
929
927
926
955
933
928
943
960
926
950
925
1006
924
938
926
972
924
948
934
975
936
947
927
1011
963
1031
934
981
952
980
976
1025
1019
988
925
949
929
937
915
956
927
927
928
981
924
1011
938
969
948
922
951
1091
1007
984
934
1044
915
979
927
1020
927
1011
1167
1004
924
938
943
1007
919
957
1251
939
959
934
948
928
974
948
964
950
930
943
932
954
937
931
925
1088
936
926
933
969
946
950
929
975
945
967
927
982
938
930
945
979
929
1001
938
1064
993
928
929
964
1013
995
937
1015
931
931
935
994
940
932
927
990
941
928
925
1002
925
912
939
1002
931
926
929
994
946
928
945
1009
948
948
934
938
927
939
932
979
935
941
927
964
950
940
921
976
957
943
934
967
971
939
929
967
943
953
950
953
957
930
924
933
1027
919
1002
987
995
1015
936
966
971
969
939
950
932
948
930
930
1296
939
936
990
986
938
918
1177
991
918
920
1015
936
927
928
931
944
948
926
982
954
960
953
928
946
932
936
987
941
943
929
937
945
936
928
944
976
950
927
930
949
941
930
953
978
928
948
916
974
925
925
928
970
924
928
927
1004
944
1016
948
960
928
947
934
990
924
989
936
937
951
998
942
975
934
935
939
997
926
933
928
926
926
931
929
961
911
994
946
928
936
919
936
927
958
924
929
923
962
925
925
933
964
934
933
926
981
932
933
944
973
925
933
942
978
925
936
926
980
931
935
949
966
999
954
927
987
928
1198
934
1012
942
918
929
980
1250
933
936
948
930
981
907
1002
927
932
928
971
926
926
936
945
929
927
966
935
915
947
933
950
945
929
925
957
935
927
940
929
909
937
925
927
970
932
936
941
976
922
930
936
952
924
936
928
1013
942
974
938
1043
1066
970
926
986
938
929
927
994
931
930
923
1016
929
928
939
987
926
935
935
994
912
1028
928
996
931
970
933
944
936
942
934
1005
923
937
927
940
930
931
940
964
944
929
947
945
927
948
929
925
979
951
929
924
942
928
926
942
975
939
946
926
1008
937
986
923
969
936
1183
964
970
936
946
927
950
947
1276
955
932
931
929
940
1093
979
936
945
953
963
940
952
906
934
929
920
978
929
957
924
966
939
932
925
998
921
930
937
974
927
932
934
974
919
941
928
988
933
930
930
928
928
959
926
929
915
950
929
927
935
940
933
930
905
933
928
925
919
922
928
924
953
938
927
925
986
931
926
927
956
924
948
939
924
922
942
950
939
945
924
933
929
935
974
925
970
912
928
930
925
942
926
944
934
972
923
907
927
977
933
929
933
958
945
944
944
972
951
1039
975
995
932
1030
941
973
955
966
1207
966
937
970
931
1017
932
979
1267
939
1007
926
989
928
1004
936
998
915
940
921
966
959
943
928
965
946
939
948
952
921
