2792
2674
2712
2891
2873
3075
2759
2567
3015
2702
2699
2723
2768
2748
2738
2762
2837
2918
2941
2643
3029
2666
2635
2716
3248
2620
2794
2572
2549
2777
2666
2513
2574
3045
2977
2717
2607
2639
2766
2688
2624
2676
2803
2809
2676
2848
2889
2777
2913
2428
2786
3199
2697
2745
2589
3033
3002
2728
2774
2831
2783
2612
2731
2649
2697
3007
2795
2587
2859
2832
3095
2718
2574
2822
2792
2601
2586
2558
2768
2874
2662
2592
3000
2662
3096
2947
2624
2841
3135
2574
2847
3028
2912
2761
2793
2605
2929
2623
2816
2669
3074
2904
2788
2532
2663
2710
2876
2995
2956
2868
2601
3152
3081
3116
2628
2781
2695
2543
2802
2932
2654
2619
2884
2586
3127
2754
2887
2782
2601
2709
2551
2654
2998
2723
2923
2809
2718
2772
2829
2940
2844
2578
2694
2747
2698
3194
2920
2569
2440
2716
2876
2690
3049
2712
2599
2832
2942
2999
2683
2987
2619
2586
2541
2879
2722
2655
2776
2889
2853
2773
3047
2730
2794
2702
2455
2636
2835
2754
2703
2798
2704
2618
3102
2851
2799
2836
2794
2735
2640
2763
2908
2649
3151
2557
2773
2733
2741
2828
2861
2915
3106
3249
2684
2518
2488
2803
2510
3039
2651
2745
2662
2891
2961
2936
2553
2955
2735
2639
2573
2553
2633
2800
3054
2859
2792
2837
2597
2581
2732
2796
2678
3032
2633
3123
2886
2792
2466
2531
2690
3010
2797
2909
2797
2741
2764
3202
2795
2599
2743
2942
2847
3085
2676
2772
2911
2584
2490
3182
2663
2896
2921
2709
2816
2799
2705
2747
2939
2632
2316
2790
2694
2693
2583
2753
2792
2663
2990
2899
2689
2747
2453
2765
2849
3206
2703
2772
2555
2740
2956
2782
2911
2510
2714
2758
2700
2797
2667
2902
2712
2880
2669
2566
3178
2742
2855
2662
2921
2974
2855
3134
2574
2738
3234
2661
2951
2571
3064
2710
2789
2735
2926
2746
2711
2657
2895
2651
2666
3034
2806
3068
2640
2983
2752
3158
2894
2719
2653
2570
2809
2849
2634
2682
2522
2610
2732
2830
3059
3110
2589
2624
2608
2717
3290
2679
3169
2884
2734
2732
2730
2655
3033
2687
2503
3024
3005
2862
2695
2703
2845
2729
2996
2862
2749
2858
2530
2813
2697
2867
2612
3141
2830
2936
3059
2913
2796
2937
2911
2620
2575
2441
2661
2893
2907
2705
2804
3135
2796
2626
2647
2546
2648
2885
2897
2424
2993
3075
3045
2537
2807
2635
2568
2743
2509
2791
2598
2955
2903
2829
2949
2778
2541
2949
2842
2751
2776
2828
2782
3179
3086
2776
2612
3172
2816
2769
2897
2811
2768
2616
2826
2627
2922
2818
2673
2605
2732
2617
2710
2871
2913
2631
2665
2814
2884
2810
2840
2620
2612
3099
3004
2823
3146
2893
2693
3078
2935
3076
3221
2696
2730
2637
2797
2655
2903
2800
2909
2578
2665
3001
2608
3090
2941
2908
2891
3166
2936
2621
2726
2488
2961
2581
2935
2380
2707
2785
2840
3146
2794
2727
2595
2831
2718
2584
2987
2698
2936
2753
3163
2691
2527
3149
2588
2626
2681
2865
2823
2609
2558
2904
2944
2852
2795
2592
2748
2888
2827
2654
2662
2748
2626
3039
2678
2740
2956
2670
2755
2742
2934
2841
2503
2874
2820
2691
2558
2707
2587
2930
2912
2791
2981
2850
2658
2697
2759
2928
2887
2693
2902
2826
2977
2703
2587
2584
3121
2690
2667
2679
3034
2710
2940
2823
2863
2689
2637
2451
2822
2911
2832
3068
2927
2621
2752
2736
2763
2640
2919
2892
2729
2512
2949
2685
3142
2589
2990
3041
2693
2610
2625
3033
2731
2716
2683
2917
2553
2598
2906
2837
2943
2880
2813
2781
2631
2647
2667
2561
3139
2596
2959
2746
2686
2820
2602
2749
2652
2797
2627
2860
2742
2522
2826
2887
2896
2562
2658
2774
3081
2644
2866
2971
2494
2801
2706
2990
2981
2628
2923
2684
2994
2738
2908
2745
3017
2740
2679
2810
2690
2755
2553
2793
2961
2574
2947
2896
3133
2720
2834
2806
2956
3033
2693
2778
2936
2978
2852
2506
2913
2509
3115
2865
2994
2832
2490
2813
2547
2778
2747
2876
2879
2723
3021
2695
2482
3138
2735
2938
2876
3080
2594
2735
3062
2847
2940
2781
2376
3178
2686
2801
2678
2788
2763
2779
2734
3119
2918
2543
2386
2793
2884
2747
2692
2663
2723
2617
3043
2756
3159
3092
2685
2563
2891
2979
2718
2813
2750
3029
2712
2719
3138
2741
2794
2923
2373
2664
2735
3023
2655
2835
2708
2790
2990
2682
2555
2890
2812
2705
3149
2886
2722
2959
2728
2582
2577
3064
2852
2505
2645
2715
3117
2660
2694
2758
2678
2684
2667
3055
2857
2970
2563
2415
3032
2721
2782
2617
3033
2867
2760
2944
2844
2657
2804
2761
2892
2508
2820
2707
2737
2969
2813
2579
2648
2801
2866
2510
2662
2738
2556
2738
2673
2925
2829
2863
2938
2733
2546
2806
2623
2974
2706
3154
2579
2756
2738
2487
2988
2513
3052
2900
2818
2626
2657
2666
2968
2505
2706
2902
2983
2808
2487
2903
2701
2971
2593
2897
2832
2538
2780
2552
2487
3022
2937
2733
3108
2655
2493
2668
2575
3106
2896
2790
2570
3072
2835
3420
3029
2873
2703
2687
2917
2693
2774
2707
2593
2857
2668
3090
2849
2711
2661
2739
3009
2909
2667
2688
2979
3063
2600
2942
2884
2760
3118
2984
2477
2622
2589
2841
2981
2611
2800
2779
3085
2790
2855
2857
2898
2836
2651
2964
2682
3140
2572
2993
2923
2572
2840
2500
2650
2910
2731
2971
2811
2881
2533
2806
2673
2767
2479
2477
2580
2611
2645
2931
2699
2844
2978
2611
3045
3258
2796
3032
2897
2608
2886
2654
3004
2894
2820
2507
2680
2829
2598
3007
2632
2652
2976
2746
2914
2749
3056
2840
2654
2662
2930
2569
2926
2735
2854
2761
2714
2915
2733
2924
2757
2681
3103
2953
2803
2528
2962
2709
2879
2810
2901
2912
2657
2504
2949
2894
3060
2716
2853
2982
2981
2727
2961
3076
3012
2767
2967
2770
2869
2813
2663
2697
2638
2532
2836
2926
2647
2914
2802
3141
2968
2547
2584
3083
2990
2817
2657
2801
2839
2671
2956
2841
3118
3099
2822
2662
2944
2695
2681
2691
3089
2754
2639
2598
2926
3005
3313
2393
2765
2927
2951
2693
2657
2778
2774
2746
3135
2774
2620
2877
2831
2850
2845
3095
3276
2953
2967
2921
2832
2710
3013
2877
2728
2839
2430
3073
3060
2787
2816
2508
2620
2804
3224
2757
3143
2670
2704
2847
2600
3063
3114
2661
2583
2409
2786
2666
2625
2903
2818
2971
2923
2810
2850
3060
2951
2484
2969
2670
2808
2907
2864
2619
2491
2449
2617
2883
2691
2509
3134
3048
2852
2984
2703
2588
2633
2526
2669
2946
3118
2657
2828
3001
2674
3366
2831
2754
2835
3048
2680
2936
2615
2718
2734
2875
3018
2725
2946
2652
2932
2777
2465
2775
2493
2915
2719
2936
2471
3009
2815
2951
2772
2577
3007
2756
2608
2655
2947
2521
2669
2887
3144
3040
2891
2583
2843
2706
2627
3187
2573
2946
2868
3012
2804
2787
2883
2701
2678
2878
2778
2629
2826
2880
2652
2694
2947
2563
2788
2503
2952
2898
3110
2826
2699
2816
2867
2724
2858
2948
2831
2416
2983
2550
2875
2977
2902
2449
2485
2830
2719
3034
2775
3060
2578
3110
2591
3004
2660
2831
2640
3062
2773
2783
2877
2964
3078
2730
2621
2655
2725
2495
2907
2853
2627
2885
2524
3034
2668
2657
2670
2860
2785
2797
2759
3114
2601
2638
2803
2637
3162
2613
3057
2725
2759
2745
2709
2974
2754
2487
2670
2739
2920
2846
2911
2935
2645
2736
3116
2859
2548
2710
3155
3083
2493
2713
2623
2846
2956
2702
3072
2871
2632
2435
2471
2673
3007
2787
2874
2970
3244
2797
2760
2608
3291
2773
2625
2704
2801
2906
2858
2993
2561
2781
2655
2863
2620
2736
2942
2375
2626
2534
2811
2651
2615
2612
2645
2797
2815
3026
2870
2873
3135
2808
2738
2682
2681
2630
2708
3094
2812
2575
3094
2482
3073
2650
2714
2899
2825
2784
2848
2979
2758
2778
2560
3117
3071
2704
2483
2567
2719
3020
2637
2626
2721
2732
2951
2712
3068
2544
2981
2973
2905
2509
2744
2577
2981
2551
2980
2683
2702
2854
2428
2508
2632
2801
2665
2494
2761
2572
2705
2836
2437
3000
2825
2659
2843
2841
2754
2686
3235
2903
2815
2967
2771
2491
2968
2773
2620
2706
2673
2815
2885
2931
2838
2661
2477
2988
3019
2819
2653
2866
2531
2727
2989
2908
2745
2534
2674
2665
2864
2662
2752
2818
2706
2875
2893
2897
2646
3131
2728
2785
2603
2586
3090
2661
2734
2706
2989
2688
2864
2976
2770
2402
2666
2568
3132
2818
2525
2677
2937
2652
2738
2621
2818
2724
2775
2624
2893
3007
2752
2909
3013
2644
2714
2798
2842
3030
2683
3000
2562
2826
2473
2665
2734
2693
2615
2629
3203
2601
2742
2887
2742
2735
2549
2686
2904
2775
2857
2828
2666
2616
2677
2690
2475
2833
2761
3007
2797
2808
2858
3153
2448
2649
2784
2894
2754
2969
2537
3132
2931
2889
2852
2759
2653
3019
3129
2654
2727
2905
3044
2771
3274
2877
2741
3089
2900
2836
2776
2494
2718
2997
2614
3073
2731
2980
2827
2476
2720
3173
2724
2658
3112
2693
2730
2972
2893
2807
2416
2848
2819
3086
2635
3055
2790
2709
2325
2706
3036
2979
2595
2876
2721
2713
2842
3409
2614
3137
2960
2674
3035
2751
3130
2959
2566
2965
2573
2531
3002
2677
2450
2780
2814
2418
2944
2696
2665
2708
2826
2976
2718
2627
2953
3081
2831
2877
3047
2351
2785
3015
2855
2780
2832
2488
2918
2569
2681
2689
2809
3128
2736
2683
2994
2807
2981
2988
2757
3041
2835
2637
2714
2672
3088
2954
2900
2856
2773
2796
2728
2995
2643
2938
2608
2901
2632
2639
2800
2757
2790
2682
2770
2691
2675
2630
2871
2735
2874
2855
2879
2872
2766
2991
2666
3032
2637
2639
2874
2681
2763
2807
2749
2672
2721
2664
2878
2762
2920
2761
2795
2376
2668
2968
2658
2844
2802
2935
2563
2730
2816
2945
2598
2762
2642
2613
2946
2640
3106
2766
2415
2675
2678
3087
2523
2498
2476
2792
2681
2729
2932
2670
2676
2868
2607
3090
2759
3058
2650
2545
2865
2709
2646
2835
2515
2666
2603
2878
3119
2767
2695
2773
2726
2504
2832
2983
2930
2642
2784
2793
2638
2916
2759
2717
2838
2573
2625
2962
2683
2732
2971
2876
2740
2659
3085
2849
2799
3042
2813
2883
2864
2765
2840
2655
2684
2681
2733
2659
2903
2888
2750
2830
3012
2611
3117
3174
3011
3109
2849
2605
2753
2437
2628
2985
2567
2720
2876
3235
2979
2737
2977
2889
2771
2750
2702
2982
2762
3172
2922
2620
2688
2551
2986
3015
2772
2640
3139
2603
2642
2664
2681
2823
2588
2822
2718
2848
2930
2787
2796
2569
2729
2540
2823
2803
2927
2768
2847
2833
2635
2857
2807
2878
2534
3001
2835
3059
2771
2722
2667
2828
2963
3049
2823
3006
2575
2555
2955
2504
2974
2874
2855
2948
2878
3029
3162
3068
2449
2631
2662
2818
2637
2784
2899
2622
2651
2616
2725
2798
2814
2720
2734
2965
2878
2873
2804
2971
2440
2609
2606
2891
2777
2541
2523
3022
2518
2533
3059
2412
2768
2711
2534
2744
2806
2953
2836
2760
2958
2721
2878
2896
2444
2772
2878
2613
2849
2952
2678
2766
2773
2691
2865
2756
2773
2597
2967
2985
2806
3033
2794
2738
2619
2820
2660
2960
2595
2596
2880
2652
2820
2725
3226
2421
2853
2447
3062
3106
2653
2625
2656
2483
2613
2557
2559
2985
2648
2743
2682
2840
3036
3106
2697
2940
2631
2898
2689
2510
2898
3082
2735
2951
2834
2525
3030
2783
2692
2399
2754
2632
2918
2621
2595
2899
2977
2969
2945
2939
2983
2884
2642
2529
2815
2695
2656
2654
2819
2767
2510
2699
2899
2629
2887
2962
2529
2709
3185
2927
3190
2560
2811
2833
2671
2746
2948
2782
2916
2817
2931
2813
2789
2749
2905
2956
2997
2883
3036
2999
2887
2625
3093
2699
2648
2891
2845
2628
2643
2701
2953
2480
2850
2545
2715
2598
2700
3078
2718
2794
2998
2684
3072
2843
2535
2832
2830
2772
2760
2534
2903
2829
2726
3124
2737
2691
2852
2850
2708
3075
2892
2857
2875
2692
2759
2904
3098
2734
2789
2640
3186
2627
2809
2702
2436
3026
2582
2664
2952
2748
2584
2589
2619
2699
2631
2564
2688
2450
2666
2461
2905
3047
2562
3035
2965
2674
2679
2802
2713
3116
2752
2531
3175
2891
2505
2843
2650
2631
2804
2878
3370
2822
2751
2730
2933
2807
2740
2769
2678
3035
3048
3094
2347
2852
2635
3098
3070
2811
3211
2765
2644
2963
2603
2805
2804
2659
2795
2890
2777
2761
2654
2799
2622
2760
2541
3011
2800
3168
2692
2972
2653
3048
2733
2916
3155
2812
3126
2696
2869
2565
2872
2715
2872
2623
3060
2588
2694
2914
2842
2742
2504
2483
3002
2814
2594
2697
2608
2649
2638
2935
3116
3139
2756
2962
2830
2723
2793
2660
2716
2707
2905
3119
2624
2915
2737
2775
2866
2725
3221
2883
2857
2791
2933
2663
2926
2847
2716
2941
2392
2951
2556
2936
2527
2696
2855
2450
2501
2679
2799
2736
2815
3056
2407
2758
2682
3005
2600
2599
2573
2817
2677
3007
2833
2563
2955
3409
2816
2605
2812
3148
2741
2954
3205
2784
2855
2708
2740
2623
2949
2748
2742
2587
2814
2766
2937
2803
2823
2514
2517
2733
2971
2998
2528
2753
2758
2762
2635
2379
2593
2708
2852
2683
2850
2871
2883
2477
2662
2731
2825
3218
2559
2642
2812
2733
2606
2810
3010
2701
2898
2768
2416
2875
2694
2574
3087
2603
2845
2691
2876
2726
2714
3051
2737
3009
2976
3136
2823
2718
2965
2964
2601
2568
3112
2941
2624
2984
2864
2849
2586
2865
2844
3084
2552
3188
2803
2773
2761
2661
2527
2597
3099
2917
2985
3059
2732
2639
2665
2764
2611
2665
2818
2759
3139
2723
3158
2710
3081
2394
2991
2826
2955
2765
2589
2633
2557
3076
2609
3133
2613
2657
2875
2867
3116
2984
2717
2790
2704
2997
2695
2782
2819
2554
3001
3130
3080
2868
2812
2956
2828
2566
3104
2940
2852
2684
3128
2965
3025
3010
2888
2632
2632
2883
2905
2850
2604
2595
2725
2698
2747
2545
2832
2604
2712
3050
2978
2850
2813
2472
2761
2762
3265
2747
2836
2546
2727
2634
2874
2993
2831
2886
2593
3142
3147
2610
2756
3088
2971
2666
2809
2782
2831
2869
2744
2813
3069
2583
2701
2646
2811
2954
2591
2893
2623
2742
2653
2741
2612
2726
2616
2783
2830
2549
2984
2684
2929
2636
2619
2592
2675
2787
2625
2895
2650
2843
2869
2989
2989
2890
3118
2755
2491
2892
2681
2688
2774
2794
2754
2638
2596
2949
2722
2776
2723
2600
2769
2949
2869
2909
2515
2922
2603
2605
2647
2660
2814
2826
2416
2586
2723
2740
2667
3007
2825
2677
2557
3107
3057
2628
2747
2585
2838
3028
2886
3047
2697
2781
3121
2755
2703
2673
2858
2668
2875
2679
2706
2823
2542
2756
2554
2901
2765
2653
2743
2951
2815
2799
2730
2554
2659
2825
2599
2656
2828
2954
2728
2814
2721
2608
2789
2730
3183
2745
2818
2841
3095
2927
2628
2678
2837
2935
2560
2874
2578
2600
2912
2835
2739
2726
2584
2694
3055
2566
2934
2499
2841
2742
2608
2563
2620
2795
3038
2612
2706
2701
2663
2699
2958
3194
2757
3094
3064
2948
2556
2909
3212
2909
3010
2814
2717
2616
2656
3153
3054
3006
2774
3034
3060
3052
2663
2734
2649
2427
2998
2696
2836
2787
2593
2735
3010
2510
2973
2648
2763
2984
2448
2794
3043
2846
2742
3113
2806
2622
2754
3076
2759
2967
2854
3208
2603
2843
2635
2713
3114
2609
2749
2557
3014
2824
2665
2836
2931
2944
3086
2743
2690
2738
2742
2688
3073
3126
2540
2899
2651
3081
2606
2765
2923
2842
2838
2892
2818
2786
2673
2715
3108
2765
2950
2643
2716
2890
2698
3105
3203
2764
2515
2716
2799
2437
2679
2859
2462
2766
2757
2683
2898
2720
2739
2863
2646
2602
2834
2826
2635
2936
2706
2956
2591
2939
2640
2837
3017
2969
2717
2665
2701
2846
3186
2923
3087
2737
2747
2887
2699
2969
2975
2958
2973
2909
2621
3207
2912
2722
2675
2574
2750
2651
2524
2602
2869
2997
2626
2718
2680
2822
2883
2952
2910
2387
2781
2738
2751
2695
2917
2730
2665
2742
2712
2884
2807
2657
2739
2808
2960
2691
2945
2833
2845
3086
2782
2952
2779
2630
2622
2660
2604
2575
2769
2551
2948
2736
2823
2786
2678
2870
2776
2756
2733
2525
2486
2708
2600
2782
2910
2754
3226
3048
2886
2611
2739
2863
2806
2830
2806
2508
2636
2595
2913
3159
2616
2629
2638
2707
2783
2941
2627
2808
2730
3081
2847
2530
2657
2686
2804
2696
2562
2789
2915
2902
3056
2746
2741
2712
3043
3150
2661
2776
2647
2779
2863
2835
2951
2873
2623
2780
2661
2765
2763
2866
2597
2640
2936
2673
2691
2888
2902
2657
2810
3126
2442
2681
2669
2809
2835
3040
2774
2774
2585
2701
2622
3037
2755
2796
2625
2899
2834
2626
2748
2686
2995
2834
2865
3120
2890
2617
3041
2711
2525
2922
2854
2758
2998
2603
2748
3025
3001
2818
2662
3061
2920
2781
2519
3000
2896
2553
2838
2644
2652
2785
2776
2729
2747
3014
2906
2861
2703
2645
2723
2848
2974
2621
2638
2841
2693
2686
3088
2640
2719
2688
2967
2856
2975
3155
2749
2942
2894
2679
2513
2484
2971
2894
3021
2665
2744
2812
2660
3051
3019
2638
2795
2646
2821
2976
3093
2790
2626
2648
2623
2895
2749
2860
2847
2741
2868
3066
2749
2635
2596
2798
2865
2482
2668
2577
2879
2650
2730
2846
2813
2657
2572
2863
2729
2703
2482
2815
2765
2574
2781
2961
2864
3178
2628
2775
2833
2733
2950
2621
2896
2587
3006
2630
2702
2627
2759
2757
2820
2765
2731
2932
2640
2807
2906
2767
2722
2603
2667
2864
3066
2678
2662
2415
2765
2884
2558
2934
2459
2923
2482
3186
2660
2989
2892
3105
2807
2707
2946
3040
2700
2806
2655
2831
2567
2841
3039
2904
2854
2706
2948
2743
2807
3041
2701
3040
2618
2795
