2297
2398
2406
2243
2284
2260
2282
2293
2275
2600
2269
2175
2308
2519
2218
2268
2234
2244
2232
2379
2237
2436
2204
2231
2184
2216
2268
2222
2253
2324
2278
2249
2254
2213
2192
2281
2183
2187
2180
2305
2211
2239
2211
2345
2221
2241
2188
2318
2231
2254
2270
2233
2174
2227
2177
2176
2233
2196
2229
2187
2312
2176
2179
2184
2497
2183
2186
2520
2202
2181
2236
2199
2224
2168
2208
2348
2216
2173
2184
2243
2172
2217
2176
2175
2199
2174
2262
2222
2252
2203
2221
2196
2156
2223
2174
2233
2230
2174
2207
2175
2206
2163
2175
2270
2200
2177
2177
2178
2171
2176
2177
2239
2172
2224
2184
2180
2169
2174
2214
2171
2457
2209
2252
2501
2222
2173
2175
2246
2263
2279
2181
2239
2234
2251
2199
2184
2220
2176
2206
2215
2205
2170
2232
2194
2177
2174
2171
2177
2232
2307
2165
2212
2233
2174
2169
2213
2206
2174
2243
2235
2226
2246
2226
2185
2227
2219
2170
2231
2241
2175
2179
2205
2177
2174
2183
2472
2187
2240
2464
2174
2289
2195
2408
2188
2181
2309
2175
2273
2207
2250
2214
2223
2234
2197
2228
2180
2173
2174
2184
2173
2220
2251
2189
2342
2226
2178
2187
2202
2173
2229
2194
2217
2200
2170
2220
2209
2326
2168
2166
2199
2231
2171
2190
2289
2172
2171
2169
2177
2173
2168
2418
2223
2170
2226
2502
2175
2176
2197
2218
2179
2201
2213
2171
2177
2156
2206
2339
2169
2223
2216
2170
2238
2172
2339
2199
2206
2171
2176
2173
2173
2244
2221
2246
2231
2215
2172
2185
2172
2228
2239
2174
2228
2280
2244
2237
2222
2186
2174
2244
2211
2192
2177
2218
2173
2213
2183
2508
2228
2251
2528
2166
2247
2238
2171
2282
2170
2177
2253
2166
2192
2214
2235
2217
2218
2200
2304
2229
2174
2240
2183
2227
2192
2225
2208
2181
2205
2223
2174
2202
2418
2216
2171
2178
2176
2266
2183
2178
2205
2218
2152
2180
2168
2182
2237
2252
2216
2164
2176
2159
2169
2173
2482
2181
2241
2180
2511
2217
2199
2179
2217
2202
2166
2212
2176
2166
2176
2253
2241
2174
2174
2170
2215
2218
2204
2173
2206
2251
2214
2154
2176
2330
2247
2209
2181
2178
2202
2175
2215
2227
2202
2223
2249
2205
2220
2201
2217
2172
2216
2237
2170
2231
2214
2173
2245
2406
2181
2282
2595
2175
2265
2478
2222
2235
2254
2236
2200
2173
2183
2233
2268
2198
2221
2170
2189
2202
2250
2220
2248
2172
2177
2180
2181
2176
2210
2175
2198
2181
2229
2209
2176
2173
2170
2238
2226
2258
2259
2214
2187
2190
2235
2172
2430
2470
2186
2270
2266
2235
2175
2223
2169
2218
2209
2492
2223
2177
2515
2238
2232
2305
2306
2211
2222
2188
2201
2176
2173
2171
2238
2161
2235
2228
2184
2225
2174
2251
2323
2205
2172
2203
2211
2170
2168
2304
2168
2266
2186
2296
2262
2247
2174
2175
2216
2213
2209
2252
2249
2169
2226
2175
2177
2166
2243
2166
2274
2242
2185
2169
2481
2212
2183
2471
2237
2190
2171
2210
2171
2232
2242
2170
2180
2174
2177
2243
2176
2259
2253
2226
2250
2229
2231
2194
2184
2259
2171
2202
2309
2181
2277
2196
2251
2294
2367
2257
2270
2324
2276
2264
2446
2184
2294
2226
2310
2328
2257
2255
2176
2307
2231
2268
2274
2182
2255
2536
2247
2175
2631
2307
2300
2265
2233
2318
2173
2185
2249
2216
2265
2168
2274
2192
2197
2176
2223
2179
2193
2225
2246
2190
2175
2173
2174
2223
2170
2172
2174
2178
2179
2186
2195
2239
2216
2175
2179
2246
2172
2182
2214
2175
2172
2180
2174
2166
2171
2249
2212
2321
2177
2154
2482
2180
2211
2182
2477
2216
2180
2344
2162
2220
2221
2181
2247
2313
2207
2175
2238
2188
2244
2269
2221
2181
2221
2174
2187
2228
2260
2251
2171
2179
2176
2232
2178
2199
2176
2290
2232
2233
2199
2177
2186
2165
2212
2227
2223
2301
2234
2217
2241
2363
2244
2170
2190
2182
2272
2538
2224
2185
2175
2512
2173
2171
2219
2197
2264
2239
2239
2248
2267
2226
2191
2169
2253
2179
2179
2181
2187
2170
2349
2200
2180
2244
2185
2177
2171
2174
2181
2220
2188
2173
2232
2160
2169
2228
2208
2241
2320
2263
2171
2225
2227
2252
2252
2186
2203
2202
2241
2166
2218
2249
2339
2500
2212
2167
2543
2253
2279
2319
2216
2172
2165
2185
2216
2212
2210
2267
2266
2199
2174
2171
2291
2213
2172
2293
2174
2170
2197
2306
2292
2284
2282
2167
2175
2213
2176
2209
2217
2184
2193
2223
2177
2186
2296
2261
2227
2216
2181
2173
2247
2207
2177
2236
2170
2198
2224
2258
2594
2316
2300
2564
2221
2185
2173
2253
2177
2241
2259
2231
2199
2193
2327
2237
2218
2184
2177
2272
2201
2257
2178
2213
2240
2176
2211
2253
2280
2219
2172
2181
2277
2244
2178
2251
2218
2198
2239
2264
2243
2298
2171
2171
2215
2182
2225
2212
2187
2237
2172
2217
2279
2402
2273
2589
2232
2318
2541
2291
2236
2174
2241
2218
2173
2171
2252
2270
2236
2244
2288
2175
2242
2184
2200
2240
2211
2175
2224
2211
2172
2169
2173
2218
2172
2176
2249
2168
2184
2172
2169
2178
2238
2214
2175
2226
2177
2175
2166
2480
2518
2295
2210
2205
2358
2267
2224
2210
2225
2254
2498
2219
2245
2538
2195
2172
2221
2176
2180
2201
2179
2170
2220
2169
2170
2179
2230
2302
2212
2217
2197
2171
2265
2296
2276
2183
2249
2340
2283
2170
2322
2224
2175
2258
2351
2243
2263
2261
2254
2220
2175
2260
2243
2173
2243
2276
2243
2226
2226
2289
2208
2319
2267
2174
2183
2509
2254
2262
2525
2184
2263
2219
2233
2175
2312
2216
2212
2184
2190
2170
2224
2233
2186
2229
2204
2172
2243
2172
2205
2266
2219
2206
2200
2192
2203
2213
2174
2212
2174
2217
2160
2230
2245
2245
2336
2187
2300
2184
2233
2220
2359
2275
2183
2269
2222
2304
2242
