2452
1035
982
972
1005
1165
1005
981
983
980
982
989
1041
989
977
1019
992
974
987
978
977
1000
974
984
990
982
973
989
977
974
985
980
978
989
975
1000
997
1055
981
971
979
980
982
1040
979
1062
1016
1002
1007
975
974
975
974
1046
982
1062
987
996
1033
974
974
971
988
991
994
975
1064
975
987
972
977
977
1031
985
990
987
978
976
992
974
1049
979
1003
974
1002
974
985
971
975
982
988
983
972
975
997
976
972
975
975
971
983
978
995
973
993
993
971
973
1285
980
973
1035
995
972
974
987
976
988
975
974
975
980
1001
979
1006
984
1159
978
991
999
987
986
1023
986
991
986
975
972
976
971
980
988
983
1010
985
977
974
972
975
1006
1001
996
982
1041
987
989
976
975
972
981
974
975
970
978
987
1026
983
1031
1011
980
973
975
976
986
982
990
983
978
971
975
997
1031
1003
970
1001
971
981
985
998
977
979
976
981
972
989
981
974
973
978
974
975
983
976
981
1034
971
977
980
972
974
974
997
1047
1015
988
972
974
992
989
972
970
978
983
989
988
980
985
976
986
1304
973
999
974
1037
988
984
988
991
990
975
980
975
986
1005
1025
977
988
1107
994
980
982
975
1011
974
977
1046
1116
974
972
988
1021
985
972
1021
1019
984
977
1021
1051
985
988
1074
974
994
985
1027
974
986
1029
1136
1028
988
1021
1006
988
972
1011
997
974
987
1037
982
972
975
1039
976
997
972
1023
990
1002
973
1039
974
991
1000
1029
985
975
989
987
972
975
995
994
980
1013
1023
1027
974
973
979
976
994
974
975
988
1028
985
976
989
979
986
983
981
1027
1005
1000
975
973
989
978
972
975
976
990
976
983
987
1303
980
972
978
975
977
975
977
979
1037
976
1039
990
970
979
982
977
984
987
1156
982
983
974
982
974
973
1014
998
974
972
974
973
981
973
976
988
996
1007
1021
973
975
1001
983
987
988
972
982
986
993
996
976
988
975
991
984
991
973
982
975
974
974
1000
982
986
976
976
973
973
974
990
1013
983
1001
999
975
981
984
977
976
1032
991
976
977
996
985
975
971
972
992
977
984
973
977
973
1012
988
1016
1009
999
985
984
998
973
983
1023
980
971
1033
975
990
1093
979
1073
1074
979
1010
999
1112
989
976
991
1286
1004
1038
1047
989
984
989
977
979
996
973
978
976
975
976
1020
974
991
1047
1013
1021
1003
974
973
988
980
978
1020
974
981
974
971
972
1001
976
998
1048
975
976
979
978
1000
979
985
980
971
975
1014
979
994
983
970
1066
1018
975
1045
977
974
986
988
978
974
984
972
992
1009
975
973
975
989
991
984
971
975
996
990
985
987
973
978
976
987
1057
1002
986
977
982
976
974
979
984
990
986
977
973
978
986
985
983
977
989
976
987
979
997
971
974
978
975
975
989
988
984
984
995
1020
988
982
1057
975
974
1300
977
976
996
973
987
978
977
971
978
973
973
976
986
989
984
972
976
993
1063
987
987
995
1007
1014
990
984
974
993
994
986
976
993
1037
972
975
1068
982
986
973
990
986
1051
981
974
997
988
1010
996
992
989
991
978
999
1015
1078
972
987
975
980
975
1033
982
1050
1002
994
997
970
973
973
977
983
975
975
991
1004
974
976
985
988
985
1008
998
976
982
976
991
983
990
985
981
985
973
985
988
996
986
988
1007
974
989
988
977
1000
974
977
986
1020
992
1000
976
1008
995
980
971
986
982
978
986
972
987
1305
976
1031
983
989
993
998
981
1019
985
986
979
974
974
979
978
977
978
1121
999
976
974
974
989
978
985
976
997
989
1044
985
1033
997
986
974
993
988
986
988
987
1009
990
980
973
973
990
989
976
975
972
997
987
972
986
993
973
987
1001
976
992
986
973
976
986
1035
975
990
971
973
988
975
972
977
1026
976
986
983
986
978
976
985
980
977
984
989
980
976
975
972
998
982
994
1008
994
976
986
975
998
975
974
976
992
986
1048
998
999
987
974
985
979
974
1058
987
979
985
987
1022
974
1015
1032
1111
1309
972
978
990
975
982
992
974
973
989
975
982
996
973
988
973
977
993
1075
1038
976
995
979
975
986
987
1034
982
991
1014
1000
973
975
989
989
981
975
977
974
974
971
994
977
975
1007
979
976
990
986
977
974
991
999
982
976
976
976
984
976
1011
1008
988
974
991
973
990
978
971
974
1006
975
993
985
990
974
999
992
1013
976
975
990
972
982
973
981
996
974
997
977
974
1005
1002
1015
1001
973
981
983
989
973
984
975
976
1037
1028
977
972
1015
1061
978
970
974
1000
986
975
986
980
974
988
976
977
982
1294
995
986
973
1065
974
983
1154
1035
974
975
973
1294
985
1014
983
972
983
1049
969
1016
1021
978
988
1061
987
972
987
993
975
982
979
1002
984
1000
1009
979
1004
976
986
996
1012
987
1002
1012
1001
