1911
566
580
812
662
586
599
630
600
572
563
582
586
591
594
589
577
571
573
585
577
582
576
656
629
607
783
624
576
575
572
573
572
662
574
574
588
810
573
659
575
585
628
595
577
623
603
587
607
605
576
587
664
575
575
583
575
556
592
601
616
575
584
598
595
642
589
586
565
586
594
634
578
573
585
574
573
619
627
571
579
585
587
587
624
574
577
576
572
593
577
647
585
593
565
574
585
625
585
574
575
579
586
570
626
574
572
550
570
589
615
606
570
575
569
571
572
639
575
572
572
573
571
597
597
584
586
571
586
578
634
583
574
595
571
586
595
605
571
576
569
574
575
606
587
617
574
571
571
572
626
575
575
573
572
585
576
588
560
572
571
587
578
575
573
576
573
572
572
572
574
572
571
573
585
580
628
608
573
587
570
585
591
577
574
585
572
572
573
589
575
572
593
566
586
584
596
573
574
598
556
574
585
598
574
577
573
880
602
581
572
584
575
573
574
583
587
572
591
555
597
592
576
576
575
575
582
602
585
588
587
572
637
584
584
590
581
572
586
578
575
684
565
573
580
588
573
577
574
571
586
581
592
585
572
575
585
587
588
573
604
573
577
574
573
591
592
572
577
590
572
572
570
574
573
589
592
574
578
586
573
571
576
587
573
566
573
576
583
577
583
576
570
569
581
603
578
576
584
579
571
577
572
583
572
570
585
583
593
576
571
573
569
576
579
593
612
575
581
574
573
629
608
573
575
569
575
582
575
574
584
592
577
571
573
621
572
610
552
573
573
578
571
584
580
568
572
586
596
573
599
574
571
602
576
574
572
638
571
584
571
576
577
571
577
588
587
574
577
571
574
586
573
582
578
572
586
572
572
586
577
576
592
573
586
579
572
573
573
574
570
572
581
601
574
586
580
586
573
573
574
576
584
574
571
585
575
573
577
572
573
581
570
570
906
571
585
596
569
572
576
587
579
573
569
575
572
590
581
578
586
568
572
582
594
570
574
574
572
574
574
573
581
586
583
571
596
578
729
569
572
572
572
575
572
575
571
571
586
575
576
574
586
572
602
984
576
601
572
586
570
603
574
575
587
586
587
573
572
588
571
574
576
570
573
573
585
572
570
585
583
585
577
590
587
574
573
578
574
611
582
573
573
571
574
574
574
586
573
573
584
590
573
574
585
573
572
591
570
587
584
599
573
587
573
572
575
587
573
586
575
585
580
573
634
573
572
571
571
596
571
573
574
559
572
573
575
584
592
588
572
575
585
574
573
587
582
583
571
578
586
573
584
570
585
583
586
575
586
605
583
620
610
573
574
573
570
576
572
597
577
573
572
583
583
576
572
588
577
561
575
573
585
581
573
591
583
572
579
591
604
573
571
572
583
578
583
572
572
569
572
573
578
600
586
575
571
572
572
577
886
586
591
578
585
585
576
584
572
586
570
590
586
575
570
582
572
573
579
573
601
624
614
594
579
623
571
584
567
568
582
632
582
747
542
569
571
634
576
574
573
571
584
572
624
573
572
579
570
572
574
576
574
574
586
572
576
575
571
573
585
583
569
571
576
573
574
607
584
592
585
574
574
585
580
572
573
621
575
586
592
570
571
587
575
583
571
572
573
573
575
574
573
576
555
571
576
576
574
571
582
593
573
572
587
618
659
585
578
585
579
575
574
573
580
584
585
578
571
571
571
573
584
598
591
573
573
588
585
580
576
574
583
591
571
573
585
584
583
587
590
574
574
576
584
572
583
545
586
574
581
572
571
564
581
574
554
625
578
573
573
572
572
589
574
594
574
575
587
579
582
583
571
574
557
588
575
577
593
585
587
573
587
577
586
571
571
569
585
636
722
583
572
581
604
576
579
585
588
572
571
585
572
605
573
586
910
627
572
590
577
585
585
600
592
609
594
626
573
586
572
574
568
570
572
572
584
572
571
576
584
584
576
576
574
575
594
592
573
695
620
579
562
589
595
570
572
588
576
576
573
586
582
573
584
595
574
582
573
584
572
594
604
572
576
581
584
583
545
572
584
577
555
570
573
561
573
571
570
585
571
575
594
572
573
572
574
585
588
577
584
591
567
575
585
560
585
581
578
577
597
599
574
585
584
576
582
600
605
580
580
572
571
571
570
588
572
588
572
578
574
576
578
571
571
572
585
574
581
572
602
593
585
583
563
571
585
574
565
625
575
578
558
589
581
612
583
598
577
575
625
622
573
573
606
586
604
572
571
574
585
628
585
572
554
585
577
577
624
573
571
586
585
593
650
585
570
586
573
585
