1537
606
588
418
530
570
583
593
569
376
354
368
366
366
367
397
461
382
384
352
365
368
366
370
364
367
366
374
374
350
366
352
377
368
366
369
379
379
371
353
368
364
383
365
352
367
368
366
353
378
370
390
374
365
350
365
375
370
354
377
383
372
364
351
365
367
369
367
366
354
368
368
365
369
365
363
380
368
377
362
382
353
382
355
367
369
382
379
387
351
378
370
367
366
368
365
355
388
396
423
354
366
366
365
398
423
345
382
366
379
352
371
379
365
353
365
378
380
349
379
670
396
376
382
367
353
368
371
377
365
366
353
368
352
366
370
364
354
381
365
377
383
368
366
367
383
380
378
356
378
368
367
364
372
381
365
353
379
374
386
357
380
370
381
352
366
366
378
370
365
358
364
368
367
377
635
394
382
383
350
380
379
378
376
384
368
352
366
383
384
351
366
366
366
364
365
370
392
376
366
354
367
379
381
366
371
380
355
368
367
366
358
371
367
379
375
365
351
365
367
366
354
365
367
390
349
380
367
365
379
393
387
378
353
366
362
367
377
361
368
367
366
365
385
354
378
372
367
363
366
372
378
355
378
380
383
366
387
366
364
390
366
352
364
367
366
365
369
381
355
375
374
366
354
368
382
366
367
365
353
375
371
366
351
365
366
389
424
389
371
358
380
373
379
352
397
393
363
368
366
367
354
378
368
369
363
353
364
391
366
356
367
369
364
350
378
366
364
380
365
366
366
356
367
367
364
353
365
353
349
383
366
369
351
367
380
385
398
395
385
367
352
372
380
368
356
364
369
366
383
382
350
365
424
373
371
361
379
416
367
375
365
365
370
380
358
366
378
381
364
376
380
392
365
366
364
379
352
364
378
382
376
366
381
368
367
352
379
378
372
370
376
374
379
365
366
380
368
350
376
368
378
363
378
368
391
364
378
352
380
352
364
367
367
358
365
365
377
378
364
364
379
368
354
368
381
377
416
399
414
364
351
365
429
432
385
367
349
379
656
425
340
382
370
368
377
381
354
367
396
395
360
364
369
371
351
367
364
378
373
337
379
366
364
357
366
382
367
352
373
365
378
370
353
377
368
363
353
364
379
365
396
354
366
368
435
384
365
354
365
364
366
364
367
421
356
374
407
424
364
354
381
365
352
368
417
373
381
365
366
396
367
384
385
367
382
383
367
371
352
376
339
365
380
365
376
400
368
379
366
364
365
366
390
376
383
360
365
367
370
368
369
369
386
361
365
384
365
353
379
379
373
365
365
368
378
368
365
419
387
366
356
333
368
388
377
385
364
353
360
352
361
363
366
364
367
382
395
363
367
387
368
380
368
366
381
371
356
377
374
370
353
381
353
365
382
367
354
365
379
392
374
369
372
351
377
381
373
355
372
369
369
352
363
367
367
351
365
369
364
354
364
372
390
353
363
367
378
357
377
379
371
353
379
365
373
366
353
398
381
366
366
366
363
373
369
367
365
365
375
367
352
381
366
382
353
365
378
366
357
393
371
363
355
366
364
365
379
366
380
367
366
350
364
368
376
366
367
366
365
371
366
366
364
363
386
368
392
395
350
392
370
377
350
365
369
377
378
384
350
384
387
363
351
355
371
377
366
375
381
381
353
366
374
378
352
380
368
365
368
365
371
366
353
363
366
367
414
366
350
366
370
365
353
364
366
365
366
381
376
353
365
372
366
352
379
393
371
368
377
379
392
354
380
379
365
351
380
351
617
457
370
380
351
366
380
364
377
370
366
367
366
354
365
368
379
362
365
367
364
367
366
381
378
358
366
380
366
436
355
383
366
369
369
367
353
363
366
362
366
390
385
366
352
364
366
365
365
365
369
375
366
367
353
571
385
367
364
375
366
379
363
374
369
366
352
366
368
365
388
365
352
365
369
363
353
365
412
377
353
372
380
366
384
374
361
342
366
334
363
367
381
381
365
353
365
375
377
362
365
379
365
353
366
383
365
353
391
370
372
358
365
366
365
372
365
366
365
350
397
366
367
377
353
380
379
379
371
372
351
363
379
366
363
377
386
365
353
366
369
383
366
368
366
376
367
365
377
369
362
366
363
392
377
364
356
366
367
367
367
375
351
651
376
380
382
371
348
365
366
380
364
371
386
370
375
371
352
377
363
366
373
373
364
350
367
370
378
352
362
400
364
367
367
364
366
376
376
349
367
367
366
370
367
366
359
369
379
380
364
365
352
364
365
366
380
364
359
364
365
364
367
388
336
364
383
366
357
364
381
361
365
379
379
368
377
366
383
394
353
