3107
1265
1254
1260
1190
1257
1237
1260
1185
1182
1265
1182
1183
1258
1185
1184
1255
1187
1180
1182
1190
1235
1280
1225
1263
1245
1176
1174
1173
1173
1177
1174
1173
1175
1173
1231
1177
1175
1174
1245
1176
1174
1177
1176
1229
1170
1174
1172
1171
1176
1174
1168
1176
1173
1174
1173
1173
1501
1175
1232
1173
1171
1176
1173
1171
1174
1172
1227
1174
1171
1172
1173
1201
1211
1169
1174
1171
1170
1265
1170
1229
1175
1172
1240
1174
1171
1172
1170
1174
1171
1170
1177
1171
1227
1228
1170
1209
1171
1178
1168
1325
1167
1172
1169
1174
1169
1168
1173
1169
1169
1171
1168
1171
1170
1171
1167
1168
1173
1170
1170
1171
1169
1226
1172
1170
1169
1170
1173
1169
1170
1173
1168
1226
1220
1170
1169
1220
1200
1170
1169
1218
1171
1169
1241
1170
1171
1220
1170
1168
1257
1222
1234
1229
1198
1169
1169
1434
1170
1760
1167
1171
1195
1196
1169
1171
1219
1171
1167
1172
1169
1170
1173
1171
1170
1172
1196
1218
1195
1187
1172
1168
1173
1169
1170
1221
1167
1169
1171
1169
1171
1169
1173
1170
1170
1174
1167
1224
1173
1169
1170
1167
1251
1165
1168
1173
1169
1166
1172
1169
1167
1172
1170
1168
1169
1171
1173
1168
1172
1171
1167
1172
1214
1211
1172
1167
1171
1168
1190
1166
1167
1181
1226
1179
1172
1169
1169
1174
1171
1172
1168
1173
1172
1169
1173
1172
1172
1176
1170
1171
1171
1168
1171
1170
1192
1215
1211
1203
1168
1215
1502
1167
1169
1174
1172
1246
1171
1169
1170
1168
1173
1168
1168
1173
1171
1238
1173
1171
1302
1173
1182
1216
1172
1169
1170
1169
1175
1168
1168
1173
1167
1170
1173
1169
1170
1167
1295
1173
1167
1216
1171
1169
1172
1249
1164
1218
1183
1168
1181
1168
1172
1170
1172
1169
1169
1172
1169
1171
1173
1170
1170
1169
1170
1168
1169
1174
1170
1169
1168
1170
1170
1169
1175
1168
1167
1172
1170
1169
1173
1171
1172
1173
1172
1172
1171
1174
1172
1169
1173
1171
1171
1222
1169
1170
1172
1170
1172
1169
1179
1169
1170
1175
1484
1173
1174
1171
1171
1172
1227
1239
1173
1171
1168
1168
1173
1169
1171
1174
1170
1168
1175
1172
1170
1175
1206
1209
1211
1227
1170
1167
1173
1170
1198
1174
1296
1225
1171
1170
1169
1172
1169
1171
1169
1174
1331
1223
1172
1170
1225
1219
1221
1269
1171
1170
1171
1172
1170
1169
1168
1173
1170
1170
1175
1170
1169
1174
1172
1168
1169
1174
1170
1170
1203
1171
1169
1174
1170
1172
1174
1177
1170
1170
1171
1178
1234
1174
1168
1170
1173
1171
1225
1172
1168
1172
1170
1174
1173
1172
1174
1172
1229
1218
1471
1280
1220
1171
1170
1220
1170
1172
1170
1170
1169
1169
1173
1169
1170
1173
1171
1170
1174
1170
1168
1169
1173
1170
1169
1180
1167
1169
1174
1169
1170
1174
1170
1169
1169
1175
1171
1171
1173
1171
1168
1173
1169
1171
1328
1167
1170
1169
1174
1172
1170
1180
1220
1261
1171
1170
1222
1171
1170
1172
1168
1173
1171
1168
1173
1171
1170
1175
1171
1170
1172
1169
1172
1169
1173
1173
1170
1174
1171
1172
1174
1172
1169
1169
1172
1170
1171
1175
1170
1169
1171
1171
1225
1173
1171
1170
1169
1173
1169
1172
1177
1171
1531
1176
1171
1172
1173
1170
1225
1174
1171
1171
1169
1174
1170
1170
1174
1170
1170
1173
1171
1170
1176
1169
1173
1170
1172
1171
1170
1174
1171
1228
1189
1170
1170
1171
1171
1170
1169
1172
1170
1169
1172
1172
1228
1330
1228
1168
1171
1172
1170
1167
1172
1168
1169
1197
1172
1168
1174
1170
1169
1192
1193
1172
1169
1175
1171
1284
1264
1171
1170
1243
1170
1169
1176
1170
1171
1172
1172
1171
1171
1176
1170
1170
1174
1168
1223
1174
1171
1172
1170
1175
1171
1171
1174
1169
1171
1174
1171
1172
1175
1171
1169
1172
1501
1171
1170
1175
1172
1170
1173
1170
1168
1175
1171
1172
1173
1172
1170
1169
1174
1169
1170
1173
1168
1223
1172
1172
1172
1171
1174
1170
1168
1173
1173
1169
1174
1188
1225
1173
1171
1172
1168
1173
1170
1169
1174
1324
1167
1173
1174
1229
1173
1229
1169
1170
1170
1172
1170
1174
1170
1169
1176
1170
1170
1174
1170
1171
1171
1173
1170
1171
1171
1172
1171
1176
1171
1173
1173
1169
1170
1171
1173
1172
1171
1188
1173
1169
1174
1171
1171
1174
1171
1172
1171
1174
1172
1171
1172
1173
1172
1174
1172
1172
1171
1486
1172
1172
1173
1172
1170
1189
1170
1169
1188
1172
1172
1173
1171
1169
1171
1173
1171
1169
1218
1172
1168
1174
1170
1172
1185
1203
1172
1240
1174
1171
1169
1174
1173
1170
1187
1171
1172
1248
1170
1170
1171
1792
1323
1246
1172
1173
1172
1173
1170
1168
1175
1173
1169
1236
1170
1170
1173
1170
1170
1170
1173
1171
1169
1174
1170
1170
1172
1172
1172
1174
1169
1172
1172
1175
1174
1173
1176
1172
1170
1177
1230
1172
1241
1189
1171
1169
1175
1172
1171
1175
1172
1170
1174
1172
1174
1173
1170
1172
1170
1174
1486
1170
1177
1187
1230
1176
1170
1225
1175
1251
1213
1219
1211
1172
1169
1171
1174
1171
1222
1172
1228
1174
1172
1229
1172
1172
1172
1171
1173
1172
1170
1174
1172
1171
1174
1180
1223
1175
1172
1172
1170
1172
1172
1327
1243
1171
1171
1173
1173
1171
1174
1170
1171
1174
1174
1171
1170
1171
1171
1172
1173
1170
1171
1173
1170
1172
1169
1172
1171
1171
1175
1169
1173
1173
1172
1172
1173
1172
1172
1171
1219
1173
1172
1175
1171
1169
1242
1189
1246
1174
1172
1174
1171
1221
1173
1172
1176
1173
1171
1176
1171
1702
1217
1172
1173
1174
1173
1170
1192
1198
1172
1172
1174
1171
1170
1173
1173
1169
1173
1171
1171
1170
1174
1171
1170
1174
1171
1172
1174
1169
1226
1175
1171
