15431
1304
1313
1309
1297
1366
1314
1311
1623
1325
1315
1317
1312
1298
1227
1221
1223
1229
1220
1300
1223
1221
1226
1225
1301
1297
1299
1261
1289
1222
1218
1217
1222
1233
1343
1334
1292
1215
1217
1293
1214
1218
1218
1218
1216
1215
1214
1217
1216
1218
1290
1375
1291
1213
1220
1217
1213
1216
1222
1215
1221
1215
1225
1219
1216
1215
1217
1217
1213
1219
1215
1213
1214
1222
1215
1213
1218
1213
1212
1218
1214
1215
1220
1214
1214
1216
1216
1320
1217
1214
1214
1214
1218
1217
1214
1219
1212
1215
1216
1216
1213
1218
1215
1267
1215
1547
1320
1220
1231
1261
1233
1213
1216
1219
1215
1276
1217
1215
1274
1215
1216
1214
1217
1212
1214
1212
1217
1214
1213
1220
1215
1211
1217
1227
1213
1217
1220
1213
1219
1214
1214
1217
1214
1215
1217
1213
1213
1216
1215
1449
1289
1217
1217
1214
1262
1213
1211
1221
1215
1215
1299
1215
1303
1219
1214
1212
1219
1215
1212
1218
1214
1213
1213
1215
1217
1214
1219
1216
1210
1218
1214
1212
1217
1211
1213
1229
1229
1272
1214
1213
1212
1216
1215
1216
1213
1215
1214
1211
1218
1216
1213
1219
1213
1545
1218
1214
1214
1221
1213
1214
1219
1215
1271
1214
1216
1214
1215
1217
1215
1211
1216
1212
1216
1217
1215
1213
1217
1228
1274
1219
1216
1273
1222
1228
1211
1264
1216
1215
1218
1215
1215
1214
1217
1216
1217
1217
1216
1370
1292
1216
1213
1219
1216
1216
1220
1212
1212
1220
1237
1263
1294
1212
1274
1216
1217
1215
1238
1241
1214
1215
1217
1213
1214
1219
1216
1212
1218
1216
1277
1220
1212
1272
1220
1214
1212
1218
1237
1220
1217
1214
1212
1212
1219
1214
1213
1217
1212
1214
1217
1215
1496
1262
1215
1211
1217
1213
1213
1220
1212
1213
1259
1213
1216
1216
1215
1215
1215
1269
1213
1212
1218
1210
1214
1216
1215
1213
1216
1214
1213
1217
1213
1237
1218
1213
1215
1217
1214
1216
1213
1218
1213
1212
1221
1212
1351
1225
1211
1214
1217
1216
1215
1217
1215
1213
1220
1213
1215
1216
1215
1214
1213
1216
1215
1212
1220
1213
1212
1221
1219
1285
1291
1211
1212
1217
1212
1213
1216
1212
1213
1217
1213
1212
1212
1215
1215
1211
1215
1216
1211
1217
1210
1211
1266
1212
1215
1216
1213
1213
1213
1532
1213
1218
1215
1218
1215
1216
1213
1213
1217
1214
1212
1219
1217
1212
1217
1214
1212
1217
1213
1213
1363
1304
1276
1213
1215
1273
1218
1215
1216
1217
1214
1212
1214
1218
1214
1212
1218
1215
1216
1220
1214
1213
1296
1280
1214
1216
1216
1212
1216
1214
1213
1218
1216
1213
1215
1216
1214
1214
1219
1215
1214
1237
1215
1215
1219
1214
1215
1260
1213
1273
1218
1211
1215
1238
1240
1212
1210
1219
1214
1214
1217
1214
1215
1217
1213
1215
1218
1212
1212
1218
1212
1212
1291
1214
1213
1216
1486
1258
1216
1214
1213
1212
1266
1214
1215
1217
1213
1215
1215
1212
1214
1226
1213
1211
1216
1214
1269
1219
1215
1215
1217
1214
1213
1211
1215
1214
1212
1220
1214
1213
1219
1215
1260
1213
1235
1209
1218
1215
1270
1216
1263
1232
1216
1215
1214
1215
1214
1217
1211
1218
1215
1214
1227
1217
1214
1218
1213
1214
1217
1214
1271
1218
1215
1216
1217
1358
1215
1237
1238
1214
1211
1216
1213
1213
1216
1211
1212
1219
1214
1262
1217
1213
1216
1217
1230
1251
1277
1216
1211
1214
1213
1272
1218
1216
1530
1216
1214
1215
1211
1220
1212
1211
1218
1213
1213
1217
1210
1213
1217
1231
1211
1216
1215
1289
1293
1210
1213
1218
1215
1214
1210
1220
1216
1211
1259
1214
1212
1219
1212
1216
1263
1211
1215
1217
1215
1212
1219
1214
1371
1288
1213
1214
1219
1215
1214
1211
1220
1215
1213
1217
1213
1211
1219
1215
1214
1217
1215
1288
1216
1230
1273
1384
1291
1332
1217
1227
1273
1218
1213
1213
1217
1211
1214
1211
1218
1212
1211
1217
1257
1214
1218
1214
1215
1217
1227
1210
1216
1216
1210
1217
1214
1213
1534
1212
1214
1215
1212
1217
1210
1219
1215
1210
1220
1213
1214
1217
1213
1216
1218
1214
1213
1217
1216
1285
1217
1214
1211
1218
1211
1216
1211
1216
1215
1211
1218
1211
1213
1219
1214
1214
1217
1213
1215
1217
1213
1217
1372
1289
1212
1219
1213
1213
1279
1215
1215
1212
1217
1216
1213
1218
1213
1213
1219
1214
1273
1218
1214
1215
1218
1213
1216
1216
1289
1446
1290
1213
1214
1216
1214
1215
1548
1216
1215
1213
1214
1210
1213
1218
1214
1214
1265
1214
1214
1302
1214
1211
1264
1215
1214
1584
1214
1214
1265
1212
1215
1287
1214
1215
1263
1216
1213
1211
1214
1213
1212
1216
1214
1215
1215
1298
1211
1217
1212
1214
1217
1215
1283
1218
1214
1287
1281
1210
1288
1213
1215
1215
1241
1236
1214
1216
1212
1214
1214
1371
1291
1212
1215
1213
1214
1218
1214
1213
1220
1213
1211
1218
1224
1281
1217
1214
1214
1215
1215
1214
1214
1218
1214
1215
1217
1214
1213
1218
1214
1213
1220
1277
1212
1217
1216
1213
1220
1212
1213
1214
1214
1215
1212
1214
1213
1214
1217
1215
1215
1219
1213
1212
1215
1548
1211
1220
1213
1212
1217
1213
1272
1217
1214
1216
1214
1214
1214
1212
1218
1212
1212
1218
1211
1211
1214
1215
1262
1216
1234
1283
1216
1213
1274
1218
1213
1212
1214
1211
1214
1209
1219
1210
1214
1220
1211
1214
1216
1368
1287
1217
1227
1211
1262
1215
1212
1219
1214
1213
1264
1213
1214
1217
1212
1214
1214
1218
1215
1213
1221
1213
1213
1217
1213
1216
1218
1215
1214
1215
1233
1299
1218
1214
1213
1218
1213
1214
1212
1215
1215
1210
1218
1213
1211
1216
1212
1260
1213
1213
1217
1216
1221
1531
1234
1219
1211
1218
1215
1211
1219
1274
1212
1211
1217
1212
1212
1217
