2198
360
361
377
367
368
369
367
365
368
367
368
368
373
368
367
369
375
345
347
368
368
367
371
368
369
368
367
370
363
368
368
367
367
372
368
368
361
354
365
352
366
354
365
357
365
352
367
353
366
368
367
367
367
368
370
367
367
367
368
351
369
367
367
368
373
368
367
367
368
383
338
369
367
368
370
368
368
367
369
368
366
368
369
367
368
371
367
371
369
381
351
350
368
369
369
363
368
368
368
367
367
366
367
367
367
367
372
365
387
374
365
373
382
377
381
379
518
377
363
365
365
363
364
362
363
365
369
364
364
363
364
373
416
363
363
364
369
363
364
365
363
366
360
363
364
363
363
367
362
363
363
363
365
363
362
365
363
365
363
364
363
364
365
361
363
364
364
363
366
364
358
352
364
377
397
363
365
364
366
363
363
363
362
365
361
363
362
364
365
366
364
365
363
364
346
346
364
365
365
384
364
364
364
362
366
361
365
364
362
363
367
363
364
365
362
379
335
362
363
361
366
365
362
364
364
364
361
364
362
365
362
366
363
364
364
364
364
348
364
365
363
364
366
364
362
364
364
361
363
364
362
364
366
361
363
364
365
364
363
363
363
364
363
368
362
363
362
365
362
362
362
364
363
365
362
362
364
362
364
364
363
363
364
362
366
365
364
364
367
357
364
363
363
364
366
362
363
362
364
364
363
364
614
432
366
365
364
362
363
374
412
366
362
362
365
363
364
364
364
367
485
416
364
365
362
366
363
364
363
362
364
362
363
366
364
366
364
364
363
366
363
363
363
363
363
363
367
365
365
364
365
362
364
363
364
364
368
364
364
363
364
374
414
365
363
364
376
364
363
365
362
367
363
363
365
364
364
397
381
364
364
364
364
364
365
365
363
368
365
363
365
364
363
364
364
363
366
364
399
381
363
365
364
362
365
362
365
365
367
364
363
364
365
363
362
365
363
363
364
366
363
364
363
363
362
366
364
363
365
367
364
364
366
363
363
364
363
365
364
365
351
364
462
337
364
362
364
363
365
364
366
365
364
363
364
363
365
363
364
363
363
367
365
364
362
364
361
364
362
363
362
367
365
365
363
363
365
362
366
363
362
362
365
364
364
362
365
363
363
363
364
362
365
364
362
365
363
363
363
364
364
364
363
366
364
364
364
362
344
363
363
365
363
365
364
365
364
365
364
362
363
364
363
363
366
363
363
362
364
364
361
365
364
362
365
368
365
364
363
365
361
363
365
362
363
368
363
364
364
363
371
340
364
364
362
364
367
363
365
365
363
363
363
364
363
362
365
365
364
362
364
362
362
364
363
364
363
366
365
363
363
364
362
364
366
363
362
366
363
363
363
364
363
360
363
364
363
364
367
364
364
364
366
358
362
365
366
362
367
362
362
385
361
364
361
363
363
363
363
367
364
362
363
382
342
365
362
364
365
594
450
363
365
363
360
364
364
363
365
368
363
365
363
364
365
348
364
362
364
364
366
363
363
362
362
362
363
363
363
362
367
363
364
364
363
364
362
363
362
363
364
367
364
364
365
363
362
367
363
363
363
365
364
362
364
364
364
362
366
362
365
364
367
364
362
363
374
353
365
364
363
363
367
362
364
362
364
365
361
363
363
365
364
366
362
363
364
363
374
341
364
364
361
365
363
366
363
364
365
360
363
363
363
363
366
364
363
364
364
373
324
362
365
363
363
367
366
362
364
365
361
365
363
363
363
367
364
365
362
364
364
363
365
363
361
365
365
365
363
364
361
444
355
364
363
364
368
364
364
363
362
378
348
364
364
361
364
366
362
381
363
364
360
364
363
363
362
367
364
365
363
363
374
412
363
363
364
366
363
364
361
364
364
361
363
364
363
364
366
363
363
362
363
365
362
363
363
362
364
365
363
364
362
362
360
363
364
363
363
368
363
364
365
363
370
339
363
363
364
363
368
363
362
362
363
362
366
363
363
364
366
364
365
362
362
364
361
365
361
363
364
366
364
363
362
363
362
364
365
363
362
367
362
364
365
364
364
362
363
362
363
363
369
364
363
364
369
358
364
363
364
363
381
391
364
363
365
363
362
363
361
364
363
366
362
364
364
363
364
363
363
348
363
385
390
366
363
363
364
358
365
363
363
364
366
364
365
364
363
362
363
363
364
363
366
362
364
387
374
381
370
362
364
363
363
379
364
606
448
361
364
365
363
366
367
364
362
364
364
362
362
365
363
364
365
366
364
364
364
368
341
364
364
363
365
367
363
365
363
364
365
363
364
364
363
364
367
363
364
