3136
1088
1025
1031
1038
1031
1030
1036
1031
1030
1031
1037
1032
1030
1031
1035
1034
1072
1013
1016
1024
1007
1018
1011
1011
1011
1016
1011
1011
1012
1017
1011
1072
1066
1009
1010
1001
1009
1008
1008
1007
1071
1009
1002
1004
1009
1009
1005
1002
1014
1006
1076
1057
1008
1005
1003
1012
1006
1004
1003
1007
1006
1006
1006
1010
1004
1003
1003
1005
1006
1004
1004
1006
1003
1003
1004
1002
1065
1002
1009
1006
1004
1002
1006
1004
1002
1001
1007
1013
1048
1005
1007
1003
1002
1006
1002
1003
1002
1006
1002
1000
1001
1006
1003
1002
1002
1005
1002
1001
1005
1011
1023
998
1002
1006
1003
1001
1006
1241
1001
1002
1010
1000
999
1002
1008
1003
1061
1002
1005
1002
998
1006
1001
1003
1001
1005
1002
1005
1002
1049
1003
1003
1000
1008
1017
1058
1001
1051
1005
1064
1007
1003
1004
1002
1007
1002
1004
1000
1006
1002
1001
1001
1008
1003
1064
1003
1004
1001
999
1238
996
1003
1003
1005
1002
1003
1001
1008
1003
1060
1000
1006
1001
1000
1003
1002
1001
1001
1005
1002
1001
1001
1005
1001
1003
1000
1006
1001
1002
1002
1007
1001
999
1002
1004
1052
1054
1038
997
1001
1001
1005
1001
1002
1112
1004
1003
1074
1062
1002
1004
1049
1051
1002
1001
1001
1005
1005
1002
1003
1004
1010
1002
1002
1009
1329
1003
1007
1003
1003
1000
1007
1001
1002
1003
1004
1002
1003
1002
1004
1001
1000
1002
1008
1003
999
1004
1003
1004
1001
1005
1004
1003
1003
1005
1021
1062
999
1006
1004
1000
1003
1056
1003
1075
1002
1003
1001
1003
1007
1003
1001
1002
1007
1000
1003
1003
1165
1065
998
1005
1003
1024
999
1010
1003
1003
1001
1006
1004
1002
1003
1004
1006
1003
1002
1007
1001
1000
1002
1007
1001
1002
1004
1002
1000
1003
1007
1001
1003
1002
1006
999
1003
999
1018
1001
1002
1001
1049
1003
1001
1001
1006
1003
1001
1030
1024
1004
1000
1051
1002
1001
1005
1008
1002
1004
1002
1009
1002
999
1003
1006
1002
1335
1008
1004
1002
1002
1007
1001
1003
1001
1006
1005
1000
1001
1008
1005
1002
1003
1004
1002
1001
1004
1003
1003
1002
1005
1003
1003
1003
1005
1039
1102
1002
1090
1016
1064
1007
1003
1004
1002
1005
1001
1002
1002
1006
1003
1003
1000
1005
1002
998
1003
1007
1157
995
1005
1002
1002
1001
1004
1014
1001
1001
1023
1003
1004
1002
1006
1003
998
1002
1006
1099
1003
1005
1002
1001
1001
1009
1001
1002
1003
1006
1005
1003
1001
1006
1004
1057
1001
1005
1085
1049
1004
1002
1003
1003
1009
1003
1002
1004
1007
1004
1001
1000
1007
1011
1066
1004
1007
1006
1003
1007
1005
1001
1000
1007
1000
1004
1287
1039
1015
998
1003
1014
1003
1001
1008
1004
1004
1003
1008
1004
1005
1002
1007
1001
1002
1004
1006
1002
1063
1003
1006
1002
1003
1004
1002
1002
1002
1006
1002
1003
1002
1095
1004
998
1001
1006
1000
1061
1002
1003
1002
1001
1029
1031
1002
1001
1054
1005
1193
1030
1050
1000
1002
1002
1051
1003
1002
1031
1022
1003
1003
1005
1004
1002
1001
1008
1000
1004
1002
1006
1005
999
1003
1048
1001
1004
1006
1002
1005
1001
1007
1003
1003
1002
1005
1004
1001
1002
1005
1025
1039
1002
1006
1003
1002
1007
1002
1003
1002
1008
1004
1001
1003
1005
1000
1004
1001
1009
1000
1003
1002
1068
1004
1000
1004
1321
1003
1002
1006
1015
1005
999
1067
1033
1050
1046
1056
999
1002
1005
1005
1001
1002
1006
1003
1003
1001
1006
1002
1003
1004
1062
1002
999
1013
1040
1001
1003
1035
1025
1003
999
1009
1003
1003
1004
1115
1004
1003
1002
1006
1004
1003
1005
1003
1003
1001
1086
998
1003
1064
1009
1002
1002
1002
1006
1002
1001
1003
1008
1013
1034
1009
1002
1002
1002
1005
1004
1003
1002
1007
1004
1004
1000
1006
1003
1063
1002
1008
1002
1077
1005
1003
1002
1000
1005
1001
1003
1005
1011
1006
1003
1001
1007
1000
1064
1002
1006
1003
999
1007
1002
1002
1001
1007
1005
1003
1002
1005
1001
1003
1000
1051
1239
1004
1008
1003
1001
1000
1032
1049
1050
1069
1015
1000
1002
1002
1007
1004
999
1002
1006
1004
1001
1003
1001
1001
1002
1007
1002
1002
1001
1005
1002
1002
1002
1005
1005
1004
1001
1009
1040
1048
1015
1003
1001
1005
1008
1003
1002
1003
1006
1002
1003
1002
1101
1050
1062
1004
1005
1002
1004
1007
1002
1003
1002
1005
1003
1004
1001
1006
1021
1051
1046
1014
1001
1000
1026
1129
1004
1003
1031
1023
1003
1002
1008
1003
1002
1001
1053
1002
1058
1003
1007
1001
999
1009
1002
1003
1002
1006
1002
1001
1001
1015
1002
1002
1002
1006
1003
1003
999
1006
1003
999
1000
1003
1003
1003
1065
1003
1002
1320
1009
1003
1004
1002
1007
1003
1001
1054
1021
1023
1001
1018
1004
1002
1002
1009
1004
1005
1000
1010
1004
1004
1001
1009
1003
997
1002
1008
1002
1035
1086
1005
1003
1003
1008
1003
1003
1001
1006
1003
1003
1001
1016
1003
1000
1003
1007
1062
1002
1007
1005
1234
999
1005
1004
1003
1002
1006
1001
1001
1003
1006
1003
1002
1005
1000
1002
1004
1048
1003
1002
1000
1012
1002
1002
1000
1053
1002
1001
1003
1005
1000
1001
1006
1004
1001
1002
1005
1003
1061
1001
1004
1002
1004
1001
1008
1002
1003
999
1006
1003
998
1001
1005
1003
1002
1005
1004
1002
1003
1005
1003
1004
1002
1010
1602
1006
1327
1004
1003
1001
1008
1006
1058
1003
1007
1001
1000
1008
1002
1002
1002
1008
1002
1004
1002
1008
1004
1002
1002
1006
1002
1004
1001
1011
1003
1000
1002
1007
1004
1049
1007
1002
1065
1057
1007
1001
1003
1001
1005
1076
1053
1042
1004
1001
1002
1005
1003
1001
1159
