835
692
803
690
741
712
709
757
818
819
781
741
727
806
873
742
709
703
746
825
757
692
790
772
769
783
833
826
793
824
785
846
820
838
712
744
778
779
743
656
765
785
756
710
798
673
736
783
708
795
743
820
818
724
782
855
849
835
757
778
715
800
715
660
692
667
769
880
837
822
881
763
830
788
817
662
755
804
610
682
699
782
800
710
722
841
789
675
705
1008
848
762
823
685
646
803
804
727
642
802
825
752
641
646
803
726
870
771
802
836
876
984
700
845
793
689
740
761
799
773
760
759
851
664
708
730
684
678
757
825
673
812
801
772
867
747
934
815
691
658
719
817
673
770
780
738
671
826
723
800
828
842
827
733
743
781
853
849
833
901
826
782
751
901
775
847
817
827
785
721
862
750
658
686
786
793
660
744
771
812
667
828
728
865
833
764
718
805
767
781
754
725
852
851
847
741
762
755
871
750
665
705
801
712
808
688
627
772
765
706
731
676
795
836
815
677
695
675
771
821
716
719
686
764
765
699
792
753
790
816
894
689
842
845
813
766
687
895
856
796
705
685
1014
694
799
741
742
768
720
818
697
819
821
886
689
719
696
821
699
712
710
817
784
744
971
735
905
686
881
859
785
817
709
836
692
828
819
754
767
790
847
822
795
701
867
784
867
721
730
730
780
786
740
804
706
825
730
685
728
699
846
792
787
682
690
763
818
891
690
778
697
719
700
811
704
807
730
842
814
752
847
802
739
732
698
666
691
749
663
875
689
784
770
820
735
745
664
689
689
773
881
685
836
800
670
743
822
687
721
712
742
831
713
763
780
890
720
838
747
887
714
706
784
778
825
773
859
859
815
713
780
846
703
762
732
763
746
837
764
748
792
753
759
715
678
831
796
849
804
671
697
699
771
788
1026
841
874
714
847
662
828
793
650
784
772
788
674
799
786
843
795
721
792
833
833
765
982
966
769
788
833
818
669
669
762
737
723
855
751
816
725
747
824
782
867
831
848
696
681
857
827
827
796
856
733
867
756
806
778
754
689
768
696
866
763
760
729
648
835
858
857
803
720
759
820
863
771
717
697
821
793
875
763
681
773
688
797
812
838
839
844
789
740
773
744
840
930
795
764
804
818
692
774
815
702
777
663
698
668
810
805
688
688
764
720
860
764
744
776
758
805
778
714
696
790
707
897
678
685
819
695
843
825
700
835
714
716
761
795
806
846
710
741
694
727
574
705
793
707
838
706
854
763
684
684
770
1093
769
924
769
685
786
677
803
766
722
788
701
847
760
797
727
650
722
703
775
760
774
1160
717
695
793
860
681
751
808
736
703
700
835
712
682
673
862
798
681
663
841
750
800
775
795
788
787
676
827
717
905
891
755
821
844
844
715
780
684
852
826
814
802
860
755
814
763
708
678
658
886
683
803
838
822
684
769
763
751
707
745
679
743
832
773
783
742
738
792
797
686
854
745
659
731
703
714
755
739
748
814
789
819
683
779
874
836
784
730
856
756
723
696
709
714
715
707
735
795
658
716
712
852
880
713
822
783
716
732
652
740
776
743
781
787
851
855
701
657
696
782
712
717
847
684
760
714
690
788
790
719
772
684
1048
754
808
788
792
743
679
775
674
684
839
846
763
823
790
778
742
790
855
687
660
793
993
789
780
840
716
794
797
732
788
779
784
719
821
850
842
680
837
758
793
824
698
748
699
746
833
866
793
802
731
841
771
683
752
645
755
732
759
804
817
656
903
847
711
767
786
765
756
831
753
769
776
706
822
667
756
730
778
864
700
645
789
747
707
776
773
660
683
820
822
694
704
808
850
831
754
807
794
722
740
686
796
697
747
722
861
709
855
741
707
693
803
778
792
795
767
683
668
737
663
765
699
749
800
832
843
716
792
843
831
737
806
700
800
804
706
662
741
781
915
652
601
763
750
875
765
866
829
820
798
710
818
1043
858
746
669
779
670
777
723
739
791
804
806
861
726
696
863
816
788
707
873
835
729
782
771
737
652
766
746
851
727
815
850
729
774
864
830
819
665
808
738
837
714
847
727
783
777
720
825
665
847
698
663
680
888
724
661
672
791
847
828
661
651
662
847
809
874
676
806
852
751
774
848
770
796
664
686
660
646
747
788
746
801
727
664
830
735
680
741
739
818
811
801
754
757
777
676
716
760
737
674
735
699
676
843
673
783
813
712
783
765
803
714
794
698
865
824
718
797
872
688
851
724
676
707
724
815
700
708
659
792
848
699
799
806
856
772
768
763
716
881
742
807
701
829
694
774
770
867
792
842
723
712
863
1079
700
664
762
772
739
804
731
731
704
691
823
731
802
788
711
706
673
1146
694
767
703
994
739
857
839
727
788
739
769
783
738
671
706
816
822
743
715
804
693
767
774
755
694
912
786
856
822
723
808
831
830
788
687
725
759
724
684
825
706
683
713
669
839
827
711
731
739
843
851
705
728
719
755
835
681
808
850
754
693
712
850
783
900
863
745
732
695
842
660
692
819
723
751
803
757
694
867
834
843
856
724
729
718
841
722
687
712
655
805
661
829
700
750
733
738
878
764
826
661
745
706
813
798
705
721
806
706
762
857
665
804
702
833
802
816
655
732
738
814
777
830
788
603
830
831
710
875
795
850
743
803
709
755
1096
791
705
816
880
679
731
672
848
792
753
683
666
842
772
715
788
783
713
857
710
865
1056
733
823
838
803
827
799
659
681
775
859
722
743
725
813
773
804
807
718
681
717
1028
688
695
811
852
775
837
713
717
752
727
749
751
725
833
804
708
705
645
812
709
706
734
857
704
816
844
765
811
744
804
785
877
737
784
891
785
761
740
759
797
826
729
688
784
777
772
758
750
769
762
673
745
786
771
849
740
822
840
759
809
725
766
790
785
843
684
735
693
808
788
876
839
748
712
818
825
822
718
811
672
689
836
700
659
856
789
730
739
707
639
794
718
853
649
734
836
687
688
732
729
808
700
780
740
772
810
774
692
745
953
785
776
774
701
686
851
878
712
821
711
785
836
868
829
681
832
812
819
798
821
1053
741
671
758
679
731
735
735
652
826
763
698
743
793
803
707
805
805
784
777
795
821
829
774
722
838
684
830
738
653
668
735
678
793
780
689
725
734
828
822
823
779
700
787
719
644
807
875
831
719
772
799
727
695
673
765
801
785
753
750
669
812
722
844
711
768
785
751
854
749
783
747
836
680
812
771
740
800
748
874
1199
769
771
751
888
864
732
829
711
782
724
726
735
803
847
775
735
694
683
709
751
831
848
784
704
651
813
682
833
686
677
773
845
778
650
627
838
794
827
871
598
651
732
792
773
844
774
727
721
705
788
824
742
816
835
766
784
744
695
819
690
786
763
793
842
718
692
736
842
671
800
729
693
774
1076
687
724
826
746
689
673
772
805
748
749
690
806
816
719
695
824
736
740
709
647
769
763
684
861
699
804
826
684
784
856
855
759
676
808
812
742
870
768
799
810
765
767
724
777
798
837
752
805
796
786
768
767
724
815
800
717
869
839
670
734
751
752
695
819
739
803
796
721
822
725
889
758
749
754
765
781
645
799
818
714
799
743
747
717
779
825
839
862
740
751
711
768
762
752
760
731
872
670
719
823
834
859
792
802
865
702
771
857
808
890
701
772
693
837
823
692
725
764
665
792
727
812
856
738
660
857
717
712
677
1015
811
689
758
853
800
820
655
655
840
851
761
685
812
718
668
683
685
712
776
709
765
780
1141
758
816
731
721
850
869
858
696
793
701
809
680
727
823
827
822
857
788
682
818
862
675
698
864
702
673
839
682
696
825
670
770
699
749
723
887
722
746
686
737
870
685
772
673
770
780
784
690
798
778
854
688
680
755
698
784
836
704
770
785
812
689
817
791
702
864
872
669
749
783
874
811
685
786
744
750
849
794
870
868
785
805
742
748
740
782
784
851
801
788
719
681
835
841
849
810
779
799
673
818
818
855
787
728
754
793
702
847
812
747
736
776
722
781
667
806
910
703
641
863
671
781
705
802
701
762
861
816
711
1023
791
833
743
839
670
843
784
752
828
808
704
833
722
801
735
768
762
768
837
723
717
1124
805
892
849
771
717
684
775
845
734
667
800
681
667
666
758
747
810
740
706
838
748
813
800
764
811
808
684
807
897
815
807
812
805
845
817
694
690
771
774
827
791
794
709
782
691
852
753
782
807
848
809
828
758
795
799
734
784
719
792
763
706
744
876
723
751
716
849
801
657
763
844
809
786
883
811
671
809
656
876
737
715
785
697
856
709
704
677
871
754
734
670
841
749
745
741
812
661
840
833
824
776
852
713
683
778
737
756
780
746
771
682
716
842
692
798
789
884
863
657
660
798
737
809
749
828
836
788
815
720
1083
871
776
768
706
696
708
714
875
807
707
898
760
682
668
689
824
703
812
768
801
732
1049
717
861
862
735
776
763
843
782
822
820
832
685
798
665
735
804
706
872
777
789
725
789
776
759
822
820
832
771
864
666
703
759
781
819
749
803
803
674
758
718
695
713
752
713
679
814
787
765
786
828
734
833
839
691
705
688
754
811
858
728
881
801
778
733
712
713
796
698
773
800
665
697
786
709
773
819
773
832
718
782
835
699
713
713
796
788
855
806
906
866
810
700
788
702
724
685
867
694
685
710
810
827
772
811
772
743
789
733
796
814
852
745
887
823
719
859
790
808
634
859
731
709
755
774
695
714
773
821
836
1035
689
842
831
795
786
773
736
723
690
734
807
713
720
811
768
757
862
809
667
746
754
1150
667
765
839
799
647
796
759
726
704
759
660
768
637
856
702
806
767
724
775
843
808
792
856
770
699
861
835
770
711
767
790
867
706
785
784
853
810
787
716
841
800
697
810
845
804
772
806
782
763
877
726
729
779
785
763
721
678
775
666
804
700
813
798
829
696
822
793
778
794
729
800
837
766
805
711
773
776
826
728
811
748
719
797
696
831
841
797
800
825
676
720
716
765
685
739
781
812
839
713
656
837
770
632
804
802
779
752
684
777
696
712
702
730
805
705
815
680
749
655
673
813
766
722
777
819
696
779
744
831
749
716
794
757
695
829
845
673
677
839
783
754
683
813
781
750
818
787
975
835
778
805
1043
723
720
835
687
731
747
676
643
694
842
689
749
761
831
835
878
823
772
752
814
746
717
811
733
765
771
813
777
769
749
815
842
742
686
691
688
691
781
810
759
852
773
771
744
842
685
697
870
783
768
647
811
780
817
758
869
807
720
791
793
667
755
834
817
735
759
813
728
831
897
828
745
655
849
843
734
745
806
743
832
694
710
775
776
795
842
877
809
866
816
797
817
904
838
671
802
757
881
685
760
764
855
828
740
709
714
796
697
800
829
864
697
826
822
745
814
731
784
663
823
669
806
818
837
723
831
830
791
706
1064
793
755
696
801
788
774
687
719
710
780
809
861
802
773
795
806
764
816
755
828
1085
752
704
804
652
795
858
825
731
777
842
819
751
736
805
830
725
772
803
776
752
952
698
816
696
797
678
709
768
884
834
808
766
858
843
781
759
688
707
812
766
846
698
780
838
792
839
772
783
732
862
752
722
854
835
846
693
806
752
807
870
812
724
862
678
814
805
778
779
819
842
754
796
786
711
795
734
843
736
815
793
702
712
796
795
816
835
852
698
824
825
735
826
837
854
767
733
784
785
797
675
730
670
771
671
791
861
696
761
765
690
664
706
775
766
812
761
836
670
721
842
708
667
798
693
832
744
713
811
787
762
853
811
867
716
700
812
699
697
809
654
663
797
897
885
849
759
843
817
791
842
1099
771
792
853
787
722
736
727
755
865
826
719
777
830
686
888
750
781
761
786
672
771
872
722
826
806
723
793
663
813
782
792
825
792
697
820
763
857
721
812
723
811
698
657
695
725
724
734
823
817
655
713
788
796
791
719
713
758
691
802
685
854
719
675
859
670
797
792
714
835
701
827
830
851
900
670
738
715
853
779
736
659
733
749
779
773
829
872
830
797
778
740
771
768
780
855
711
789
833
684
851
776
782
803
701
780
902
753
787
855
764
795
803
837
763
718
676
703
746
638
665
660
762
791
742
799
824
781
856
737
1127
689
949
686
724
837
798
745
734
734
752
747
851
714
734
852
800
704
749
769
723
797
1053
780
707
700
842
762
686
888
821
837
730
826
713
854
827
790
822
864
794
674
850
848
758
883
710
853
751
812
816
793
777
738
717
821
769
762
868
818
842
756
835
762
804
716
878
697
782
781
705
791
693
765
665
643
827
722
669
858
720
826
729
704
762
703
843
782
680
838
761
871
690
831
764
792
832
827
788
802
794
806
696
758
774
708
804
845
733
822
822
867
686
677
756
826
835
844
862
642
732
772
770
748
718
771
712
778
747
677
832
806
711
807
888
836
682
814
732
739
693
744
724
757
822
791
727
736
678
802
831
992
904
752
802
709
833
848
726
846
834
781
820
713
804
802
758
754
821
841
758
693
792
1066
819
796
782
832
826
837
694
704
788
776
795
767
827
779
724
790
804
682
778
835
754
752
739
714
688
812
714
746
743
739
824
803
765
854
827
825
921
701
790
839
871
711
675
748
728
740
733
780
849
796
725
772
758
858
774
663
801
721
710
719
769
791
694
786
698
841
780
756
779
843
719
699
764
762
803
716
670
794
730
824
738
831
796
683
729
795
699
736
828
744
815
724
684
794
809
727
817
675
790
731
691
655
738
687
835
721
714
691
741
708
706
857
692
664
816
893
762
814
792
612
731
732
838
744
825
811
731
718
785
710
928
788
788
704
758
793
842
751
716
774
827
847
763
716
656
815
759
808
798
699
810
816
978
736
875
718
680
842
841
754
789
838
664
664
800
807
779
697
688
699
783
852
686
694
799
749
730
866
796
787
745
828
707
809
782
775
967
832
807
817
788
807
712
805
648
763
741
823
768
811
794
737
758
855
890
822
788
684
751
688
642
837
749
759
663
752
820
855
733
808
760
675
751
778
862
766
858
849
729
849
780
697
858
823
734
819
697
755
859
746
869
860
814
667
750
712
684
774
709
687
765
812
709
708
706
778
723
794
814
841
768
753
745
777
770
830
719
782
830
793
804
722
742
797
782
738
712
748
719
712
781
732
715
1016
830
810
784
743
806
873
690
799
742
802
836
872
711
655
808
698
692
758
740
836
1069
686
829
774
806
717
752
764
815
807
829
827
853
861
953
882
807
825
722
747
775
840
827
678
697
833
753
680
844
837
728
792
713
833
873
714
671
880
720
855
779
688
802
710
861
816
754
758
700
815
738
726
821
837
791
839
745
774
726
768
879
760
671
793
743
827
737
727
849
727
821
834
697
842
789
874
833
673
797
759
824
811
843
766
851
682
714
854
820
748
691
782
721
718
723
712
707
842
710
679
700
759
794
734
732
775
857
763
810
799
685
743
841
747
754
825
678
737
686
734
907
697
711
753
755
738
885
733
686
707
1043
777
816
708
747
772
883
686
763
817
784
722
823
840
824
638
811
775
725
687
778
821
952
697
827
726
780
876
730
706
849
647
874
707
820
827
711
786
675
758
794
774
857
767
765
850
868
798
806
757
765
694
685
755
872
720
722
740
854
797
858
672
800
743
674
740
685
703
696
834
741
757
882
743
834
835
803
749
718
802
748
654
881
757
714
728
685
749
695
689
700
830
707
735
766
836
739
710
693
729
916
770
832
740
806
805
687
832
836
730
667
831
717
802
737
818
848
769
748
653
752
801
820
829
750
859
807
780
781
762
791
766
787
724
834
831
724
794
706
802
705
702
801
732
784
708
703
715
809
755
902
740
985
783
894
679
727
695
658
804
793
730
802
709
740
760
737
711
712
653
709
1178
698
816
1037
858
826
694
827
877
834
653
842
729
750
749
778
828
689
792
702
738
840
769
700
819
829
785
832
842
810
720
687
688
745
806
806
703
790
767
743
710
727
707
800
791
686
819
781
843
835
822
716
850
714
809
705
702
679
829
665
678
799
794
718
821
834
743
678
794
770
900
766
652
924
844
835
749
756
891
829
777
824
715
766
782
711
698
818
716
790
724
688
690
861
812
792
744
870
833
793
743
866
700
822
696
773
711
730
712
672
749
719
821
778
710
790
692
852
753
735
803
729
688
616
849
653
721
739
809
707
828
839
822
697
1041
675
832
815
802
764
827
712
753
713
750
783
795
779
677
708
726
704
761
871
867
764
1099
779
795
788
797
766
764
743
767
715
762
682
753
736
835
710
781
802
747
820
850
1038
736
839
689
846
697
677
694
856
863
749
781
858
837
725
827
827
813
822
856
742
689
808
821
799
798
801
802
792
850
668
738
828
688
818
732
815
674
850
782
848
771
754
780
901
776
836
765
709
925
805
868
804
699
789
857
882
721
659
739
824
793
858
787
737
856
670
860
870
764
846
726
806
874
704
815
781
874
717
743
831
838
777
743
749
815
778
690
897
825
796
783
762
767
752
816
654
830
887
738
876
801
749
811
748
679
1020
735
772
824
811
821
724
832
831
715
703
753
840
725
767
809
760
695
919
794
831
802
1079
730
800
787
678
814
795
745
869
796
758
750
667
827
787
722
804
759
902
807
723
708
842
720
806
711
851
843
681
771
705
763
883
878
713
854
701
795
701
752
771
660
808
688
720
872
864
728
748
675
676
795
787
836
840
827
687
714
710
688
739
763
691
869
786
818
824
855
736
725
770
738
752
827
717
703
848
760
749
703
685
739
698
685
768
654
698
778
764
710
683
836
694
829
647
746
730
673
677
690
818
755
790
785
660
803
821
654
839
755
782
748
830
795
772
769
857
826
739
678
708
787
763
700
791
699
797
678
777
712
725
668
1051
645
783
714
718
759
718
726
762
684
773
846
735
823
767
655
803
783
767
712
804
706
1108
692
845
830
786
819
757
772
834
846
765
862
801
686
825
784
767
771
815
808
814
725
791
788
749
684
833
659
845
792
725
818
734
680
818
732
698
753
765
806
791
712
807
724
753
705
749
725
696
844
834
758
737
780
787
814
706
870
824
692
692
783
704
852
709
868
817
762
730
730
684
796
755
860
683
893
698
803
746
831
711
698
798
796
742
815
852
814
785
834
804
762
807
679
747
801
748
789
799
844
815
730
781
752
877
731
826
715
686
861
744
736
804
831
853
692
865
777
663
576
739
711
715
700
693
856
691
735
794
689
1033
776
850
787
754
710
725
846
751
749
751
780
693
804
869
877
778
747
849
837
699
737
999
826
823
757
660
836
665
737
710
735
685
698
757
855
756
777
722
845
828
699
731
811
744
759
753
806
754
850
764
803
860
856
668
790
698
756
818
759
722
761
798
855
753
800
726
761
819
737
722
815
793
812
722
675
766
765
868
819
746
830
846
810
772
812
725
851
876
718
730
743
717
693
829
726
773
698
857
855
827
755
665
741
762
815
764
785
805
708
753
659
818
878
772
841
789
802
837
713
720
727
795
772
731
727
711
736
745
744
845
741
809
818
818
752
780
768
766
789
651
726
656
789
695
727
829
740
698
710
708
871
825
1078
715
774
823
887
750
870
851
736
837
792
668
869
752
722
733
655
807
857
798
830
1046
689
855
797
786
711
823
828
758
854
727
663
688
747
808
714
827
805
883
806
797
733
777
829
834
806
692
837
779
731
680
872
682
694
944
806
731
722
823
808
767
773
822
849
751
827
823
748
750
710
790
758
678
779
823
766
832
760
852
660
710
735
782
812
747
745
802
707
822
859
779
683
808
755
691
733
680
707
735
825
714
773
680
796
735
829
839
813
798
700
805
717
793
801
790
818
702
854
663
742
786
807
749
818
755
717
754
831
749
782
818
723
724
754
871
830
831
720
841
641
869
846
802
718
710
851
693
718
746
819
1048
787
657
816
709
730
882
859
824
691
658
726
725
862
798
817
744
831
777
845
765
780
1185
795
728
722
807
807
700
824
751
857
805
851
723
789
836
728
741
770
796
769
726
798
825
778
859
802
730
722
768
717
739
860
765
686
740
813
759
877
775
799
703
724
792
821
804
712
687
672
827
806
771
783
759
686
664
791
792
835
839
770
723
652
719
850
721
780
817
820
655
728
779
802
805
801
770
718
737
819
894
856
824
716
688
774
713
745
796
797
820
779
703
754
802
764
681
810
773
797
830
704
847
797
828
854
726
687
843
725
748
737
798
804
847
673
728
737
796
834
702
615
762
673
652
664
779
763
777
