15499
841
807
820
815
814
813
813
881
811
818
815
817
816
811
815
814
819
813
810
815
813
810
803
811
801
800
804
802
799
799
805
799
804
838
801
802
797
800
794
802
800
797
800
795
801
799
795
796
825
779
811
776
798
794
824
1057
866
792
791
800
798
806
842
849
842
807
793
794
796
792
789
788
792
795
790
792
792
792
793
792
789
790
790
791
788
793
791
791
793
790
793
791
793
790
793
844
792
795
789
806
786
788
792
788
791
789
788
795
791
790
789
789
792
790
789
788
787
839
790
789
791
792
788
930
777
791
794
787
788
790
789
793
786
790
790
790
790
793
788
790
790
806
791
791
791
791
790
791
789
789
792
787
791
788
789
792
789
788
788
789
793
790
786
789
788
791
789
788
789
787
790
790
790
787
788
791
789
789
787
789
788
789
788
787
792
790
787
771
789
791
789
788
787
788
791
791
788
786
789
794
789
789
786
789
790
787
1077
830
793
789
789
787
787
791
790
804
787
789
791
788
795
785
788
791
788
789
787
788
793
788
787
789
787
790
789
790
788
791
790
790
788
789
792
786
787
788
788
793
788
788
789
787
791
789
787
788
789
804
788
789
789
787
791
790
789
789
772
789
789
789
787
791
790
786
790
867
790
789
789
786
788
791
790
790
786
788
794
788
809
847
786
791
786
802
786
791
832
788
790
787
790
788
789
788
788
816
809
789
786
789
791
789
789
786
790
790
789
790
837
789
789
788
788
788
787
791
788
789
786
789
790
800
787
787
793
789
797
776
789
790
789
789
787
789
794
790
788
791
788
792
789
789
770
788
792
789
788
1025
884
790
787
789
788
795
790
789
786
787
791
790
804
788
787
792
788
795
788
787
792
788
787
788
787
794
790
788
788
790
789
789
860
790
790
789
790
786
787
791
788
787
789
789
793
788
788
788
789
791
789
789
787
790
791
796
788
788
792
791
791
789
789
793
790
804
770
790
947
786
788
786
788
791
832
789
786
790
848
792
788
787
790
792
788
790
788
791
788
794
844
788
819
804
788
785
789
791
788
790
788
790
792
791
789
787
789
791
790
791
789
789
790
789
787
789
790
790
788
786
787
792
788
789
787
788
792
789
800
771
788
807
790
794
812
790
791
789
789
788
789
791
790
788
789
792
789
787
788
788
1042
839
818
836
788
792
789
788
787
789
791
790
789
789
791
789
881
823
787
796
788
790
787
788
792
787
789
788
789
834
787
791
789
789
792
791
788
789
789
838
788
789
788
793
790
804
770
791
792
788
788
787
790
794
789
775
785
828
837
789
787
788
788
790
787
788
789
790
947
853
791
789
791
791
788
789
788
792
789
791
790
788
792
789
788
787
787
793
789
788
788
788
793
790
790
789
790
790
790
788
788
819
810
788
785
790
811
897
789
788
789
791
789
789
787
791
792
788
788
789
788
793
790
788
789
791
791
787
842
773
792
790
789
788
788
791
789
770
789
851
790
789
790
791
788
792
790
788
788
788
791
1118
788
789
793
789
788
789
791
791
790
791
788
788
791
789
789
787
790
792
788
789
790
790
789
787
805
788
791
788
789
787
788
792
788
789
771
789
792
789
788
789
788
794
788
789
787
791
791
787
788
787
788
792
790
787
787
791
788
789
774
803
789
788
790
786
788
792
789
1020
787
788
791
789
788
787
790
790
789
791
787
775
790
788
789
790
793
789
788
772
790
795
789
792
785
790
792
789
797
847
790
792
788
799
790
788
792
791
790
789
788
791
834
847
790
837
828
790
788
791
917
814
792
793
792
894
792
792
792
864
833
792
791
792
899
793
808
819
843
920
788
790
789
815
861
789
790
926
884
789
1057
848
822
853
790
790
791
886
790
792
790
791
876
790
791
789
790
862
790
791
790
836
832
805
805
819
962
813
789
790
790
875
788
789
788
811
818
794
845
789
877
790
791
788
788
865
790
788
789
791
861
789
790
789
810
817
790
830
789
838
791
791
810
881
908
805
787
945
815
808
790
790
790
838
791
788
788
790
837
789
789
789
789
837
789
790
787
790
837
789
789
787
817
809
788
788
790
792
788
796
787
788
792
789
788
788
790
791
789
790
787
790
795
790
789
789
788
792
789
791
789
790
790
789
789
787
792
789
789
787
789
793
790
787
790
788
792
789
791
787
790
807
788
789
789
789
790
789
789
1038
873
791
789
789
788
792
788
788
788
789
791
790
790
789
787
792
792
787
788
788
792
788
789
788
790
792
811
822
820
836
773
790
785
789
795
787
789
772
788
793
933
