2745
1418
1379
2215
1182
1190
1195
1185
1189
1246
1203
1193
1220
1194
1190
1222
1184
1254
1208
1188
1181
1202
1187
1182
1180
1194
1251
1194
1188
1180
1194
1207
1192
1230
1237
1192
1179
1187
1213
1190
1205
1192
1202
1502
1285
1180
1209
1189
1250
1190
1194
1203
1195
1186
1191
1178
1188
1189
1265
1210
1183
1182
1177
1197
1193
1192
1185
1194
1242
1246
1184
1245
1198
1180
1181
1182
1183
1214
1179
1210
1190
1214
1180
1200
1180
1188
1196
1184
1211
1185
1181
1205
1197
1216
1192
1207
1180
1202
1216
1193
1183
1194
1191
1191
1205
1192
1179
1206
1211
1184
1192
1184
1191
1192
1218
1196
1179
1197
1208
1193
1201
1191
1194
1188
1198
1182
1180
1191
1180
1182
1182
1189
1181
1205
1197
1192
1175
1183
1189
1188
1193
1179
1182
1550
1181
1196
1220
1185
1197
1187
1180
1192
1195
1287
1178
1180
1230
1192
1281
1301
1240
1190
1192
1261
1181
1183
1182
1181
1183
1194
1224
1221
1244
1179
1195
1184
1198
1181
1214
1194
1192
1328
1198
1180
1184
1177
1184
1184
1198
1184
1186
1247
1181
1181
1190
1179
1182
1182
1191
1203
1182
1184
1194
1193
1192
1182
1178
1249
1193
1197
1199
1195
1197
1187
1185
1179
1222
1200
1214
1242
1193
1189
1189
1198
1180
1184
1190
1209
1192
1183
1193
1196
1179
1184
1182
1191
1198
1182
1183
1197
1189
1204
1180
1509
1182
1199
1181
1209
1190
1179
1194
1180
1187
1185
1182
1186
1246
1187
1322
1223
1205
1209
1205
1245
1200
1188
1201
1194
1197
1194
1209
1188
1189
1188
1194
1184
1193
1197
1181
1275
1196
1193
1196
1182
1184
1181
1182
1194
1231
1181
1214
1234
1252
1193
1186
1284
1283
1201
1284
1241
1203
1192
1181
1227
1189
1182
1195
1181
1201
1195
1181
1186
1229
1199
1232
1220
1182
1196
1179
1240
1184
1181
1208
1209
1229
1227
1186
1180
1183
1205
1189
1183
1191
1195
1179
1207
1196
1193
1189
1180
1192
1183
1194
1520
1198
1191
1190
1199
1244
1184
1228
1449
1181
1196
1184
1185
1186
1423
1251
1180
1246
1182
1195
1192
1186
1195
1184
1196
1215
1196
1182
1196
1238
1194
1255
1274
1230
1178
1190
1185
1195
1178
1190
1184
1224
1211
1194
1179
1260
1179
1213
1184
1197
1214
1183
1200
1178
1181
1208
1181
1180
1193
1195
1217
1196
1183
1186
1195
1190
1183
1184
1183
1198
1304
1230
1181
1191
1193
1180
1181
1204
1204
1180
1222
1235
1192
1238
1197
1183
1183
1183
1179
1180
1224
1185
1238
1189
1205
1182
1183
1186
1182
1498
1184
1184
1194
1187
1182
1181
1215
1182
1185
1212
1192
1185
1187
1188
1275
1238
1195
1183
1184
1188
1182
1196
1195
1181
1181
1193
1208
1182
1190
1252
1188
1190
1201
1181
1181
1230
1215
1179
1189
1183
1197
1237
1182
1195
1183
1193
1236
1190
1186
1182
1178
1185
1178
1179
1187
1184
1186
1183
1195
1210
1189
1189
1183
1239
1196
1181
1191
1187
1187
1181
1206
1194
1180
1178
1257
1183
1194
1187
1181
1180
1193
1183
1180
1212
1180
1193
1186
1178
1193
1194
1184
1181
1195
1185
1195
1189
1187
1209
1183
1429
1252
1186
1183
1179
1182
1182
1188
1179
1178
1189
1183
1194
1188
1183
1226
1345
1190
1191
1180
1184
1185
1192
1193
1191
1189
1193
1182
1179
1183
1190
1181
1184
1181
1191
1181
1195
1214
1197
1225
1222
1189
1215
1182
1184
1185
1199
1233
1197
1193
1184
1180
1196
1196
1182
1203
1204
1183
1192
1195
1183
1189
1192
1194
1186
1181
1207
1183
1185
1183
1185
1186
1192
1190
1261
1229
1184
1195
1183
1184
1199
1183
1182
1180
1195
1193
1182
1184
1191
1182
1228
1230
1218
1199
1182
1183
1198
1230
1186
1197
1188
1519
1183
1184
1193
1180
1185
1179
1186
1186
1186
1181
1194
1182
1204
1181
1338
1191
1191
1188
1182
1182
1184
1182
1181
1184
1184
1208
1182
1186
1197
1188
1186
1179
1184
1186
1180
1186
1192
1189
1182
1187
1184
1192
1182
1201
1194
1181
1199
1187
1179
1185
1182
1263
1182
1184
1185
1185
1181
1184
1196
1183
1193
1183
1186
1181
1230
1234
1205
1252
1183
1184
1185
1183
1194
1192
1193
1183
1212
1181
1221
1179
1181
1186
1185
1180
1190
1182
1178
1192
1199
1180
1186
1188
1189
1251
1184
1182
1222
1196
1186
1501
1329
1181
1185
1186
1190
1180
1180
1192
1197
1180
1185
1180
1184
1194
1348
1186
1185
1196
1192
1184
1181
1193
1194
1184
1179
1185
1185
1183
1205
1191
1184
1180
1195
1228
1183
1179
1197
1192
1204
1186
1287
1179
1188
1183
1190
1183
1180
1183
1193
1250
1204
1193
1543
1184
1181
1245
1180
1192
1186
1183
1179
1216
1183
1198
1184
1184
1225
1230
1208
1182
1183
1186
1183
1181
1197
1183
1262
1198
1180
1183
1184
1190
1193
1180
1199
1178
1192
1187
1194
1193
1233
1195
1182
1183
1185
1234
1196
1181
1183
1502
1189
1179
1188
1195
1193
1189
1195
1183
1192
1183
1184
1184
1182
1180
1414
1177
1188
1210
1179
1180
1183
1192
1184
1188
1179
1186
1180
1181
1189
1191
1181
1189
1233
1184
1202
1188
1197
1213
1184
1185
1183
1189
1198
1186
1184
1182
1195
1179
1186
1182
1201
1202
1186
1196
1200
1182
1234
1185
1214
1183
1188
1182
1192
1180
1206
1181
1180
1190
1193
1181
1185
1183
1244
1189
1182
1190
1184
1191
1190
1203
1185
1183
1181
1184
1179
1192
1194
1206
1183
1196
1193
1204
1182
1195
1208
1209
1186
1180
1190
1498
1283
1204
1222
1182
1190
1200
1182
1186
1179
1236
1196
1193
1189
1198
1263
1316
1200
1180
1187
1241
1184
1243
1186
1200
1185
1214
1181
1189
1197
1181
1179
1254
1182
1183
1189
1192
1187
1197
1183
1180
1185
1183
1194
1185
1186
1225
1192
1306
1188
1179
1186
1187
1323
1192
1192
1224
