3260
3415
3259
3294
3538
3203
3632
4029
3607
3285
3349
3442
3444
3836
3683
3426
3614
3248
3497
3223
3401
3373
3840
3427
3904
3655
3233
3306
3132
3678
3381
3463
3682
3277
3668
3943
3186
3223
3321
3314
3536
3502
3384
3541
3599
3440
3664
3539
3588
3818
3474
3103
3657
3196
3513
3475
3380
3394
3319
3471
3470
3458
3202
3282
3421
3116
3250
3078
3763
3653
3511
3326
3440
3360
3250
3739
3529
3499
3781
3403
3426
3319
3436
3581
3615
3291
3271
3371
3280
3598
3674
3440
3247
3401
3176
3246
3402
3145
3378
3369
3246
3453
3854
3942
3358
3500
3218
3426
3613
3557
3284
3404
3273
3215
3710
3453
3589
3128
3698
3354
3575
3847
3273
3394
3385
3236
3447
3537
3268
3587
3281
3647
3097
3492
3540
3531
3378
3269
3449
3269
3382
3459
3474
3320
3317
3094
3337
3266
3089
3384
3359
3530
3569
3480
3380
3357
3810
3550
3259
3600
3621
3533
3350
3742
3638
3315
3278
3312
3297
4066
3918
3462
3138
3505
3374
3601
3600
3455
3544
3991
3594
3634
3595
3505
3324
3686
3531
3488
3419
3612
3602
3681
3210
3404
3497
3427
3382
3593
3411
3686
3657
3415
3512
3236
3647
3174
3501
3574
3722
3360
3488
3379
3508
3025
3688
3398
3400
3648
3503
3126
3523
3599
3781
3336
3083
3271
3295
3587
3313
3652
3354
3231
3297
3676
3410
3684
3548
3183
3377
2995
3203
3651
3679
3669
3218
3533
3548
3606
3357
3483
3627
3386
3510
3696
3282
3212
3936
3373
3722
3254
3345
3289
3893
3421
3572
3403
3334
3617
3642
3924
3729
3554
3666
3540
3434
3481
3279
3758
3390
4040
3315
3401
3421
3170
3569
3346
3357
3670
3859
3426
3392
3315
3487
3187
3350
3820
3928
3978
3110
3528
3273
3594
3475
3360
3520
3283
3528
3310
3631
3396
3392
3190
3749
3470
3271
3484
3502
3321
3495
3611
3580
3281
3832
3271
3250
3201
3758
3941
3445
3987
3588
3339
3774
3346
3514
3501
3211
3525
3424
3682
3607
2949
3631
3302
3795
3320
3333
3387
3684
2984
3277
3498
3431
3355
3856
3389
3332
3425
3533
3588
3469
3263
3617
3283
3183
3485
2989
3308
3396
3342
3431
3455
3205
3772
3427
3285
3583
3626
3393
3672
3484
3406
3424
3434
3620
3427
3885
3720
3261
3725
3371
3381
3607
3601
3275
3309
3665
3398
3791
3547
3453
3181
3771
3267
3937
3075
3171
3238
3635
3400
3292
3452
3306
3257
3098
3295
3157
3585
3270
3194
3344
3431
3318
3383
3771
3538
3150
3444
3254
3568
3718
3080
3350
3268
3773
3398
3173
3650
3471
3517
3617
3369
3801
3433
3464
3359
2988
3514
3561
3825
3326
3496
3743
3855
3181
3613
3491
3838
3426
3322
3559
3844
3496
3157
3440
3283
3419
3489
3745
3312
3804
3340
3509
3444
3597
3956
3361
3444
3450
3247
3342
3730
3386
3266
3193
3626
3463
3374
3523
3473
3421
3584
3391
3461
3552
3445
3394
3097
3510
3615
3410
3274
3095
3221
3289
3594
3271
3844
3043
3428
3287
3595
3456
3288
3819
3413
3212
3702
3556
3428
3254
3683
2999
3429
3255
3667
3621
3499
3441
3305
3241
3535
3471
3324
3318
3434
3615
3648
3301
3607
3104
3376
3611
3262
3440
3699
3519
3901
3120
3238
3290
3328
3247
3368
3270
3309
3392
3262
3260
3492
3356
3572
3270
3357
3651
4312
3788
3513
3429
3213
3324
3168
3160
3264
3306
3242
3359
3667
3567
3068
3401
3782
3392
3653
3437
3256
3609
3125
3262
3132
3571
3831
3771
3422
3531
3340
3172
3270
2948
3700
3258
3236
3453
3138
3709
3302
3374
3366
3561
3754
3323
3251
3218
3388
3998
3307
3134
3191
3274
3689
3610
3421
3407
3259
3349
3662
3270
3246
3409
3773
3676
3710
3484
3698
3260
3561
3210
3309
3295
3615
3320
3559
3316
3459
3216
3154
3392
3327
3292
3989
3410
3485
3427
3610
3261
3575
3447
3494
3232
3298
3945
3876
3362
3690
3631
3434
3836
3300
3354
3498
3660
3393
3393
3433
3368
3443
3312
3267
3344
3758
3217
3398
3488
3266
3555
4110
3750
3365
3416
3183
3548
3347
3379
3566
3196
3308
3576
3376
3596
3360
3651
3614
3178
3210
3646
3488
3785
3414
3701
3325
3675
3176
3778
3310
3796
3282
3431
3356
3294
3573
3731
3296
3900
3356
3122
3500
3444
3085
3469
3551
3514
3617
3366
3189
3008
3494
3482
3370
3438
3596
3337
3076
3828
3382
3759
3546
3268
3329
3177
3316
3512
3263
3453
3835
3517
3080
3628
3258
3179
3371
3343
3423
3906
3645
3111
3349
3267
3478
3601
3371
3291
3303
3279
3146
3467
3570
3437
3410
3135
3625
3561
3837
3234
3628
3353
3167
3476
3366
3811
3527
3393
3260
3728
3333
3897
3660
3417
3027
3732
3644
3624
3382
3228
3452
3747
3399
3619
3204
3697
3646
3926
3293
3679
3190
3238
3544
3473
3260
3516
3282
3553
3305
2917
3472
3264
3521
3154
3434
3526
3392
3176
3298
3259
3538
3783
3604
3903
3540
3421
3693
3411
3419
3359
3890
3421
3497
3381
3686
3275
3195
3324
3488
3330
3556
3086
3383
3756
3334
3648
3205
3281
3444
3292
3623
3869
3974
3776
3334
3508
3471
3668
3251
3697
3296
3892
3560
3222
3509
3331
3186
3324
3710
3122
3538
3233
3326
3425
3414
3624
3577
3374
3549
3580
3462
3089
3169
3202
3322
3233
3454
3223
3327
3339
3680
3235
3741
3248
3482
3634
3658
3294
3454
3595
3560
3337
3521
3459
3313
3340
3634
3396
4105
3352
3396
3334
3479
3197
3223
3673
3412
3167
3013
3185
3180
3629
3590
3607
3717
3527
3607
3452
3641
3702
3537
3328
3497
3469
3394
3333
3429
3515
3131
3579
3648
3646
3311
3275
3299
3225
3439
3520
3267
3871
3221
3619
3276
3393
3240
3168
3550
3395
3634
3424
3358
3358
3175
3283
4039
3444
3206
3382
3290
3419
3158
3223
3732
3512
3235
3407
3242
3355
3619
3113
3486
3548
3282
3457
3315
3351
3758
3249
3755
3224
3342
3317
3410
3402
4026
3527
3499
3371
3158
3476
3663
3352
3459
3652
3286
3626
3265
3431
3496
3618
3336
3564
3692
3232
3638
3707
3787
3297
3364
3284
3234
3731
3806
3492
3645
3458
3594
3179
3666
3907
3850
3805
3549
3186
3491
3609
3426
3257
3508
3475
3524
3636
3292
3239
3756
3538
3473
3542
3613
3037
3637
3487
3587
3479
3609
3245
3855
3691
3614
3696
3312
3355
3250
3554
3899
3159
3271
3403
3395
3447
3896
3343
3342
3362
3212
3357
3384
3148
3703
3516
3883
3246
3408
3596
3414
3385
3006
3492
3363
3609
3251
3544
3661
3578
3351
3515
3432
3696
3508
3155
3552
3549
3549
3683
3340
3482
3799
3302
3495
3182
3570
3456
3518
3345
3087
3306
3392
3156
3776
3034
3282
3217
3498
3943
3565
3628
3701
3570
3192
3489
3316
3530
3342
3383
3189
3413
3899
3408
3501
3367
3160
4074
3626
3513
3367
3624
3480
3695
3059
3103
3280
3292
3826
3685
3758
3733
3274
3603
3555
3735
3600
3399
3872
3346
3690
3094
3512
3623
3416
3482
3483
3888
3031
3355
3212
3586
3226
3762
3253
3478
3354
3655
3482
3270
3294
3604
3691
3285
3376
3349
3800
3614
3410
3213
3405
3332
3455
3589
3455
3335
3239
3735
3560
3232
3345
3404
3179
3740
3479
3202
3304
3679
3806
3231
3261
3538
3482
3710
3307
3083
3345
3303
3613
3349
3496
3351
3297
3480
3055
3703
3515
3623
3360
3611
3033
3785
3396
3669
3286
3370
3256
3405
3166
3705
3079
3343
3236
3648
3137
3985
3278
3480
3606
3649
3370
3705
3252
3700
3360
3230
3185
3282
3290
3390
3450
3365
3377
3270
3389
3099
3453
3484
3444
3447
3748
3291
3390
3254
3516
3457
3365
3818
3234
3505
3237
3439
3489
3646
3527
3245
3241
3637
3419
3160
3710
3499
3187
3296
3300
3598
3796
3497
3323
3629
3624
3265
3270
3304
3610
3322
3579
3744
3391
3665
3406
3884
3266
3724
3635
3568
3358
3893
3417
3412
3360
3316
3284
3363
3135
3637
3603
3678
3408
3413
3662
3425
3507
3464
3742
3285
3742
3823
3441
3461
3231
3507
3344
3266
3437
3259
3514
3315
3377
3609
3742
3385
3510
3441
3461
3386
3068
3333
3272
3472
3433
3302
3538
3040
3277
3556
3622
3583
3469
3503
3407
3454
3414
3534
3810
3129
3292
3479
3507
3577
3258
3295
3888
3113
3345
3233
3261
3287
3291
3588
3369
3350
3175
3701
3534
3440
3576
3367
3254
3344
3498
3611
3319
3537
3288
3689
3502
3209
3611
3459
3267
3336
3174
3034
3397
3153
3425
3406
3627
3576
3339
3294
3200
3354
3789
3863
3445
3307
3365
3548
3613
3348
3584
3849
3425
3593
3392
3137
3479
3495
3697
3964
3584
3327
3357
3291
3468
3353
3209
3474
3477
3407
3228
3923
3064
3510
3518
3904
3396
3773
3748
3607
3392
3079
3606
3283
3570
3494
3496
3432
3725
3658
3291
3445
3381
3110
3698
3859
3371
3641
3232
3716
3562
3162
3209
3471
3541
2995
3093
3470
3342
3316
3300
3367
3351
3854
3840
3496
3224
3359
3703
3085
3476
3203
3554
3311
3647
3712
3394
3288
3410
3355
3566
3291
3579
3335
3314
3365
3283
3426
3159
3539
3510
3455
3128
3546
3409
3057
3421
3618
3125
3549
3154
3463
3447
3571
3439
3316
3365
3642
3443
3353
3457
3372
3282
2935
3411
3337
3141
3052
3293
3213
3448
3308
3536
3717
3578
3691
3126
3207
3398
3375
3409
3391
3344
3260
3618
3779
3478
3221
3291
3533
3304
3567
3176
3715
3432
3205
3674
3199
3367
3287
3849
3339
3744
3471
3427
3471
3416
3135
3324
3663
3475
3243
3431
3577
3634
4109
3360
3516
3608
3612
3418
3481
3192
3517
3392
3423
3406
3659
3396
3386
3605
3113
3384
3515
3487
3648
3498
3371
3489
3797
3731
3620
3411
3248
3678
3318
3719
2912
3383
3398
3574
4066
3598
3314
3359
3389
3587
3496
3435
3227
3475
3472
3281
3410
3162
3631
3427
3566
3336
3228
3500
3917
3524
3157
3372
3287
3305
3331
3756
3336
3585
3437
3340
3246
3263
3415
3078
3479
3499
3916
3328
3734
3917
3364
3344
3193
3631
2929
3477
3516
3648
3378
3363
3905
3688
3761
3709
3372
3819
3851
3637
3898
3363
3632
3599
3537
3938
3186
3718
3125
3411
3659
4099
3267
3757
3563
3287
3674
3529
3212
3363
3255
3066
3408
3246
3250
3348
3746
3310
3448
3586
3656
3591
3726
3553
3272
3670
3357
3666
3818
3719
3484
3861
3556
3703
3225
3527
3787
3556
3806
3161
3704
3511
3668
3083
3469
3578
3413
3739
3323
3158
3589
3196
3425
3017
3705
3473
3239
3342
3570
3694
3352
3390
3620
3220
3289
3468
3234
3413
3840
3207
3249
3847
3324
3380
3215
3640
3438
3491
3366
3653
3388
3968
3666
3520
3370
3966
3907
3289
3625
3679
3316
3389
3553
3675
3329
3453
3570
3204
3523
3301
3351
3564
3692
3552
3115
3487
3205
3304
3830
3600
3328
3479
3776
3301
3811
3525
3723
3413
3198
3768
3357
3789
3358
3342
3285
3515
3750
3124
3585
3464
3441
3484
3265
3187
3787
3493
3383
3223
3450
3546
3342
3567
3405
3115
3896
3016
3378
3554
3579
3436
3294
3174
3408
3586
3580
3623
3342
3478
3501
3415
3263
3691
3563
3432
3327
3589
3493
3350
3599
3639
3337
3291
3360
3530
3382
3565
3463
3266
3743
3543
3352
3444
3170
3862
3444
3485
3432
3864
3529
3493
3436
3319
3751
3333
3510
3843
3314
3224
3440
3108
3176
3909
3344
3750
3263
3222
3961
3356
3170
3249
3276
3176
3434
3526
3749
3085
3328
3397
3387
3763
3591
3482
3311
3502
3529
3422
3109
3389
3413
3281
3239
3373
3360
3259
3287
3253
3449
3263
3392
3094
3559
3907
3557
3534
3445
3436
3592
3590
3481
3617
3461
3515
3794
3431
3542
4081
3326
3794
3793
3764
3620
3509
3101
3519
3242
3679
3574
3548
3400
3612
3816
3525
4126
3284
3397
3492
3808
3522
3643
3606
3453
3376
3402
3419
3810
3867
3575
3197
3508
3635
3730
3317
3593
3559
3245
3466
3406
3093
3594
3206
3767
3460
3366
3534
3399
3669
3496
3555
3401
3018
3455
3412
3928
3229
3372
3332
3380
3232
3318
3683
3740
3501
3932
3086
3174
3751
3854
3496
3645
3425
3478
3576
3735
3417
3350
3357
3490
3103
3227
2999
3360
3476
3499
3631
3354
3610
3401
3775
3690
3681
3353
3359
3401
3210
3607
3778
3279
3662
3719
3345
3937
3557
3680
3354
3472
3707
3544
3376
3518
3669
3613
3690
3384
3169
3338
3963
3798
3377
3288
3779
3319
3337
3345
3807
3400
3440
3334
3668
3558
3575
3791
3360
3693
3467
3542
3858
3417
3056
3509
3418
3492
3776
3340
3528
3161
3343
3623
3387
3348
3267
3472
3543
3270
3319
3702
3300
3472
3408
3535
3127
3281
3335
3179
3276
3296
3411
3891
3178
3851
3624
3915
3425
3292
3321
3529
3610
3435
3306
3653
3420
3390
3335
3686
3458
3589
3510
3585
3534
3403
3938
3780
3462
3521
3262
3355
3282
3321
3299
3063
3072
3340
3687
3426
3764
3446
3337
3437
3692
3481
3560
3381
3517
3290
3305
2987
3259
3603
3521
3685
3690
3461
3527
3338
3346
3473
3298
3405
3459
3367
3599
3600
3509
3171
3261
3370
3124
3453
3722
3159
3505
3373
3378
3670
3533
3307
3744
3600
3210
3498
3336
3547
3282
3670
3528
3676
3491
3688
3682
3613
3774
3369
3263
3423
3717
3325
3462
3432
3415
3395
3347
3468
3212
3229
3897
3659
3143
3338
3157
3735
3499
3330
3332
3710
3438
3283
3438
3253
3462
3609
3877
3113
3275
3734
3397
3635
3389
3964
3182
3901
3310
3474
3519
3532
3389
3342
3626
3191
3374
3756
3190
3324
3436
3289
3767
3372
2958
3632
3409
3602
3836
3487
3494
3505
3258
3444
3202
3700
3268
3375
3474
3206
3687
3395
2903
3254
3318
3368
3525
3577
3895
3433
3062
3416
3608
3619
3784
3343
3305
3530
3942
3257
3075
3089
3408
3030
3522
3236
3405
3599
3610
3691
3077
3302
3371
3344
3634
3424
3573
3868
3221
3410
3398
3411
3791
3323
3678
3416
3455
3253
3536
3834
3213
3342
3485
3679
3578
3148
3172
3223
3617
3845
3205
3622
3282
3576
3285
3500
3359
3539
3649
3415
3037
3565
3384
3469
3668
3442
3188
3122
3702
3672
3746
3274
3154
3634
3371
3338
3466
3378
3613
3450
3460
3423
3210
3712
3799
3215
3520
3281
3357
3603
3751
3292
3373
3540
3081
3475
3546
3673
3284
3096
3259
3144
3532
3527
3405
3706
3434
3320
3320
3383
3908
3455
3273
3389
3790
3346
3601
3177
3295
3438
3110
3131
3481
3393
3505
3574
3303
3640
3372
3133
3298
3574
3586
3895
3397
3844
3413
3463
3556
3551
3651
3681
3380
2987
3606
3567
3852
3638
3154
3488
3432
3288
3420
3242
3361
3464
3622
3387
3647
3619
3458
3581
3722
3194
3456
3504
3544
3261
3829
3607
3387
3380
3029
3307
3244
3226
3538
3022
3378
3828
3392
3149
3731
3270
3834
3638
3288
3808
3280
3466
3256
3729
3373
3157
3290
3237
3652
3355
3279
3697
3555
3432
3626
3569
3416
3273
3663
3673
3309
3629
3393
3305
3496
3633
3636
3377
3581
3568
3341
3202
3360
2993
3740
3508
3570
3241
3421
3255
3361
3650
3259
3474
3611
3592
3649
3428
3275
3378
3506
3480
3834
3610
3279
3353
3689
3354
3770
3553
3335
3646
3287
3294
3301
3722
3913
3469
3383
3502
3652
3456
3083
3163
3307
3306
3370
3313
3624
3267
3627
3404
3283
3291
3260
3197
3798
3520
3290
3310
3765
3241
3355
3351
3517
3629
3311
3763
3471
3156
3449
3852
3112
3383
3674
3130
3497
3837
3629
3285
3510
3293
3100
3354
3813
3365
3853
3534
3025
3370
3797
3192
3259
3130
3302
3549
3429
3104
3707
3674
3568
3919
3399
3668
3613
3435
3614
3479
3437
3181
3332
3269
3741
3249
3413
3543
3661
3664
3240
3396
3430
3311
3654
3355
3496
3656
3741
3775
3280
3308
3381
3334
3228
3759
3678
3410
3543
3765
3356
3453
3678
3569
3763
3418
3746
3436
3643
3441
3438
3284
3554
3329
3587
3619
3477
3484
3697
3136
3645
3594
3093
3432
3260
3319
3326
3781
3616
3247
3444
3599
3494
3319
3372
3739
3528
3167
3312
3659
3546
3519
3509
3258
3457
3568
3497
3186
3455
3335
3549
3598
3657
3614
3414
3758
3242
3389
3618
3805
3295
3418
3310
3540
3175
3671
3364
3396
3523
3703
3396
3578
3517
3253
3599
3472
3473
3225
3084
3747
3779
3223
3530
3576
3429
3378
