13302
847
768
779
931
769
775
775
776
774
775
774
773
779
773
774
776
774
778
776
773
772
774
778
786
775
773
772
776
774
774
774
777
775
775
772
771
772
818
771
769
770
772
771
770
769
769
794
798
770
771
770
773
771
770
768
770
796
779
781
759
769
796
799
768
768
769
774
769
770
770
770
820
770
770
767
770
775
769
770
770
770
773
768
769
769
770
774
771
770
768
771
1087
769
770
770
772
772
770
770
769
769
772
770
770
769
767
782
768
768
767
769
772
769
771
768
771
772
769
768
768
769
772
768
771
769
768
770
770
771
767
767
773
770
768
768
768
773
769
770
768
770
773
767
770
769
768
773
769
768
769
772
768
768
771
767
772
769
768
924
767
774
768
783
754
769
773
769
783
753
767
771
770
777
759
769
774
766
770
767
789
906
770
770
768
770
773
789
767
769
771
857
769
781
805
769
773
768
770
770
768
817
768
770
768
768
771
768
770
770
767
772
769
767
768
769
772
769
768
769
770
771
776
769
771
769
790
768
770
767
768
770
769
770
768
769
773
771
769
770
767
771
770
769
766
770
770
1100
770
769
771
768
767
769
768
773
768
770
768
770
773
785
769
769
769
772
768
769
768
768
770
769
768
768
767
771
768
770
769
769
773
769
768
768
768
771
768
770
768
771
773
767
769
769
770
773
770
769
768
769
771
769
771
766
769
771
782
768
767
768
817
769
769
902
780
772
768
768
768
769
818
770
769
768
770
772
769
768
768
769
772
768
768
767
770
771
768
770
766
769
770
768
769
769
768
772
768
769
767
771
772
769
770
768
770
770
770
768
769
768
773
767
769
769
768
769
769
769
768
770
771
769
769
769
770
771
769
769
766
769
771
768
767
783
768
774
768
769
770
767
772
769
769
769
768
771
768
770
767
769
773
767
1097
768
777
769
769
767
770
771
767
769
769
767
771
771
769
768
767
772
798
800
800
782
786
768
769
767
769
772
769
768
770
768
772
769
769
768
769
771
769
769
801
769
771
768
768
769
768
773
769
768
768
767
770
767
768
767
768
774
798
816
794
788
776
769
768
770
809
798
768
769
770
769
769
768
769
768
770
768
769
769
767
771
768
769
769
766
772
767
767
768
769
772
769
768
769
768
772
768
767
767
768
797
806
769
767
769
771
768
768
768
769
771
769
770
768
768
771
770
767
768
768
771
770
768
769
768
770
768
767
769
767
772
767
769
770
769
771
776
769
750
767
782
770
768
750
768
772
770
787
748
769
772
769
784
809
1082
816
770
768
765
771
771
768
769
768
768
818
768
767
768
768
770
768
769
767
769
772
775
768
769
768
762
771
766
766
769
773
769
770
768
770
771
769
768
769
769
771
769
769
767
768
770
768
769
768
769
773
769
767
769
767
773
769
769
767
768
777
769
770
767
770
967
800
768
769
772
769
769
768
913
773
770
768
769
767
774
769
768
767
768
772
770
768
770
768
772
768
769
768
767
772
769
767
768
768
819
769
769
768
767
771
775
770
767
769
772
768
768
768
768
773
767
768
768
768
771
769
768
768
754
774
769
769
767
769
773
769
776
811
767
772
768
769
768
769
772
768
769
769
769
772
768
768
767
769
770
767
769
768
769
1099
769
769
767
773
766
766
770
767
770
769
767
770
766
772
768
769
764
768
772
768
769
826
766
772
785
766
767
770
773
769
767
769
769
771
768
768
770
768
772
768
768
768
767
774
769
766
770
753
773
766
767
769
769
771
770
767
768
767
771
769
768
767
767
771
770
838
770
768
772
770
768
768
769
773
768
768
770
768
772
770
768
767
769
771
768
766
767
769
771
769
769
770
767
815
769
768
768
768
772
766
768
769
766
816
892
768
769
769
862
769
769
770
767
772
769
768
767
768
773
768
769
768
769
772
768
769
769
768
773
768
769
769
768
770
769
769
768
769
772
769
767
769
767
772
767
767
767
768
770
768
768
767
769
771
1099
769
769
772
769
768
769
768
773
768
768
768
768
772
768
767
767
769
773
767
768
769
767
771
768
768
768
768
772
769
767
767
769
782
787
768
766
770
773
770
764
766
769
773
769
767
769
769
771
769
768
769
767
772
770
769
768
768
772
769
769
766
770
771
770
767
908
772
759
768
768
753
770
772
769
771
768
770
771
769
768
768
769
770
769
769
768
768
771
769
769
768
769
771
769
768
767
770
772
769
769
768
770
771
767
768
769
769
772
800
794
790
769
831
767
770
768
770
771
770
769
768
767
773
767
769
767
769
771
770
768
767
771
