2281
2428
2053
2107
1954
2267
2114
1965
2144
1980
2273
1938
2136
1817
2280
2313
2353
2175
2246
1979
1934
2272
2032
2115
1983
2192
2228
2217
2051
2360
1897
2390
2177
2305
2002
2141
2239
2088
1963
1921
2245
2029
2150
2224
2402
2021
2245
2177
2245
2067
2116
2161
2183
2016
2167
2606
2034
2212
2161
2278
2103
2124
1963
2248
2274
1927
2261
2113
2200
1915
1975
2416
2075
2123
2106
2361
2367
2082
2302
2209
2134
2048
2305
2044
2198
2284
2341
2193
2282
2191
2279
2181
2040
2345
1969
2046
2212
1967
2040
2094
2115
1864
2258
2133
2101
2157
1976
2014
2095
2193
1947
2316
1969
2038
2165
2055
2081
2189
1826
2397
2258
2167
1945
2354
2044
1901
2022
1985
1962
1950
2093
2146
2119
1836
2049
2252
2051
1958
2200
2028
2326
2074
2189
2258
2000
2108
2245
2266
1909
2252
2070
2169
1989
1933
2053
1964
2370
1864
1968
2126
1942
2238
1953
2010
1892
2145
1873
1900
1972
2177
2334
2289
2145
2067
2050
1862
1999
2302
2145
2065
2267
2295
2295
1981
1895
2004
1863
2136
2365
1880
2166
2333
1900
2159
2135
2092
2103
1943
2089
1921
1923
2065
2365
2220
2175
2248
2068
2109
2168
2032
2049
2320
2063
2199
2010
1947
2023
2008
1900
2388
2019
2109
2160
2163
2120
1985
1904
2105
2481
1940
2164
2114
2063
2234
1954
2211
2304
2045
2305
2098
2411
1905
2183
2102
2108
2159
2139
2114
1857
1905
2226
1783
2170
1911
2206
2124
2043
2119
1753
1980
2101
1931
2235
1857
1934
2332
2183
1914
1885
2127
2299
2223
2035
1952
2045
1916
1884
2135
2459
2225
2061
2265
2201
1968
2143
2177
2611
1994
2043
2111
1978
2271
2378
2014
2109
2007
2105
2038
2131
1972
2209
2044
2136
2196
1920
1912
2121
2167
2016
1902
2043
2234
1983
2120
2062
2303
2217
2104
2103
2052
2328
2083
1912
2104
2118
2061
1888
2074
2239
2115
2132
2046
1993
2107
1936
2043
2511
2100
1898
2085
1862
2057
2096
2029
2153
2109
2198
1940
2338
2200
2101
2123
2020
2015
2079
2077
2223
1955
2132
1956
2085
2178
2302
2095
2122
2203
2132
2025
2276
2031
2190
2262
2252
2354
1838
2177
2005
2034
2209
2249
1928
2202
1982
2159
2193
2013
2054
2087
1995
2231
1981
1935
1947
2023
2200
2300
1860
2068
2242
2202
2255
2134
1992
2595
2062
2102
1925
1953
2069
1982
2102
1940
1884
2407
2314
2134
2144
2224
1818
2015
1929
2222
1921
1999
2291
2212
1985
2084
2075
1934
2079
2064
1947
1845
2386
2249
1992
2053
2148
2045
2211
2194
1981
2032
2265
2022
2079
1912
2040
2089
2388
2134
2447
2109
2250
1949
2219
2062
1956
1991
2313
2501
2312
2403
1953
2153
2251
1909
2045
2075
2053
1959
2210
2184
2114
2130
2142
1937
2043
2030
2352
2033
2121
2052
1971
2322
2049
1805
2205
2094
2293
1957
2292
1937
2279
2314
2219
1971
2230
2064
2040
1932
1966
2013
2132
2119
1853
2131
2264
2334
2258
2284
2229
2035
2331
2109
2248
2265
2282
2146
2158
1914
1952
2089
2150
2206
1995
2034
2083
2283
2277
2106
1921
2148
2115
1873
1954
2186
1981
1961
2215
2162
1905
2194
1932
1997
2339
1990
2092
2067
2201
2240
2010
2068
2235
2120
1980
1889
2171
2080
2052
2260
1872
1908
1897
2289
2270
1849
2321
1788
2028
2063
2019
2239
1991
1989
2220
2286
2047
1947
2111
1976
2249
2083
2401
2077
2123
2268
2017
1983
2054
2063
2118
2090
1935
1935
2179
1911
2165
2227
2243
1998
2274
1975
1850
1954
1947
2180
2003
1995
2075
1899
2142
1972
2108
1988
2128
2114
2300
1958
1985
2037
2060
1894
2306
2047
2016
2236
1899
2031
2272
1994
2262
2150
2104
1799
2224
2269
1995
2086
2182
2068
2053
2158
2026
2037
2120
2104
2047
2010
1925
2099
2020
2060
2050
2296
1914
2278
2228
1950
2131
2084
2049
2309
2049
2207
1971
2315
1907
2009
2149
2155
1859
1958
2041
2128
1993
1980
2210
2121
1842
1995
2294
2080
1868
2425
2241
2201
2120
2006
2126
2225
2026
2018
2422
2203
2096
2263
1948
2033
2140
2137
2082
2098
1829
1941
2298
2275
2186
2099
2226
2387
2059
2164
1863
2258
2299
2175
2411
1890
2196
2173
2162
2007
2286
2299
1961
1940
2189
2098
2260
2179
2038
2067
2096
2352
2129
2018
2070
1899
2247
2295
2485
2266
2145
2261
2110
1995
2010
2073
1923
2278
2365
2351
1930
1926
1986
1819
2060
2028
2397
2345
2042
2277
2066
2357
2180
2005
1940
1999
1956
2287
2152
2030
2339
1965
1962
2368
2035
2209
2124
2166
2115
2014
1834
2193
2256
2104
2108
1942
2142
2048
2201
2115
2071
2131
1797
2127
1986
2264
2341
1998
2224
1859
2016
2037
2076
2287
2082
2495
2208
2188
2189
2271
2032
1954
1906
2408
2113
2052
2141
2386
2078
1984
1968
1982
2135
2028
2198
2109
1891
2162
2128
2164
1921
2414
2077
2182
2189
1965
2037
2184
2087
1998
2174
2032
1970
2210
2022
2185
2061
2088
2075
2076
2048
1869
1978
2011
2378
2095
1886
2056
2016
1966
2169
2267
2151
2317
2325
2287
2338
1931
2211
2152
2253
2223
2069
2304
2245
2144
2167
2041
1974
1993
2009
2203
2295
2221
1938
1887
2191
1925
2054
2149
1854
2121
2358
1899
2135
2030
1806
1915
1963
2185
1938
2031
2004
1972
2144
2002
1937
2212
1964
1945
2230
2030
2025
2139
2205
1969
2039
2060
1962
2122
2225
1986
2373
2438
1868
2013
2088
2321
2160
2239
2099
1949
1957
2228
2480
2443
2253
2256
2199
2274
2119
2028
2382
2005
1981
2305
1946
1959
1893
1916
2211
2160
1974
2016
1887
2258
2034
2208
2221
2003
2202
2201
2165
2068
2280
1845
1813
2067
1959
2232
2539
1947
2055
2036
2313
2192
2178
2025
2225
2410
2194
2037
2265
2059
2225
2015
1892
2391
2076
2130
2202
2002
2093
1963
2122
1992
2056
2115
1881
2137
2066
1972
2349
2175
2128
2188
2154
2137
2175
2068
1849
2381
2126
2189
2103
2131
2048
2030
2107
2307
2345
2072
1895
1896
1988
2277
2160
2247
2457
2038
2271
2054
1901
2208
2252
2048
2341
2090
1993
1858
1871
2045
1989
2324
1915
1998
2111
2196
2039
2095
2232
2172
1982
1982
2014
2075
2174
2117
1941
2041
2107
1881
1977
2162
2044
1937
1867
1878
1920
2001
2257
2021
2174
2357
2040
2339
2151
1950
2091
1995
1860
2082
2188
2152
1813
2106
2143
2216
2170
1991
1992
1924
2265
2133
2172
2083
2668
2190
1913
2191
2167
2022
2135
2120
2148
2011
2138
1956
1913
2212
2179
1964
2284
2158
2060
2040
2299
1901
2009
2104
2178
2354
2019
1955
2090
1896
2085
2263
1984
2056
2323
1962
2081
1995
2010
1949
1994
2410
1922
1877
1979
1968
2191
2144
2011
2423
1907
1838
2126
2056
2120
2416
2023
2189
2413
1873
2228
2137
2121
2013
1921
2158
2146
2282
1966
2159
2095
2083
2216
2296
2075
2018
1913
1974
2289
1928
2223
2069
2006
1828
1973
2045
1828
2177
2187
2054
2084
2002
2171
1895
1965
2145
2099
2025
2150
2244
2092
2188
2010
2050
1948
2408
2184
2246
1916
1931
1908
2090
2209
2058
2106
2362
2495
2318
1936
2005
1958
2099
2065
1970
2148
1952
1933
2009
1933
2126
2003
2425
2364
2152
2014
2117
2125
1863
1964
2019
2021
2094
2071
2077
2175
2250
2253
2269
1936
2370
1971
2356
2325
1943
2006
1899
1989
2117
2119
2033
2296
1992
1883
2039
2051
2146
2344
2095
1990
1988
1966
2033
2083
2064
2023
2536
2321
2218
2184
1971
1978
1966
2252
2026
2023
2097
2204
2103
2350
2040
2220
2150
2106
2110
1907
2129
2248
2218
1952
2318
1956
2012
2113
1928
1966
2106
2253
2194
2145
1911
2103
2377
2124
2105
2367
1984
2238
2058
1907
1993
2186
2274
2119
2417
2403
2137
1944
2135
1999
1938
1966
2180
2600
2142
2127
2294
2031
2092
1991
1959
2065
2051
1986
1869
2013
2066
1911
2159
2371
2089
2257
1989
1826
2163
1908
2008
1919
2074
2001
1953
2236
2146
2113
2082
2443
2167
2322
2363
2076
1987
2042
1967
2129
2013
1997
2083
1968
1874
2067
1849
1910
2312
2550
2018
1908
1961
2203
1987
2365
2056
2044
2462
2109
2259
2242
2064
2036
2388
2096
2346
2240
2009
1916
2210
2321
1922
2110
1979
2303
2113
2039
1913
1990
2108
2140
2340
2183
1994
2224
2083
2154
1982
2007
2100
1996
2162
2193
2054
2088
2011
2229
2114
2026
2213
2205
2080
2005
2192
1874
2508
1997
2274
2042
2318
2052
2184
2027
2049
2385
1960
2211
2208
2053
2047
2095
2209
2347
2179
1932
2064
2230
2098
2136
2057
2062
2093
1982
2127
2105
2162
2260
2110
2242
2344
1821
2062
1995
2378
1888
2050
2130
2058
1896
2054
2262
2167
2219
2184
2286
1996
1936
2176
2022
1927
2300
1999
2437
2536
2071
2294
2106
2188
2166
1853
2304
2204
2213
2333
2168
2022
2171
2291
2137
2097
2240
1937
2088
2082
1917
2156
2097
2322
1833
1889
1968
2018
1887
1982
2402
2112
1957
2193
2124
1816
2130
2101
2085
1964
2079
2102
2203
2376
2195
2054
2101
2018
1845
2157
2040
2146
2317
1967
1975
1959
2148
2268
2389
2067
1975
2405
2382
2044
2180
2444
1983
1915
2144
2205
2132
2185
1997
1911
2388
2193
1995
2272
2009
1997
2089
1908
1838
2299
1876
2414
2024
2287
2372
1963
2158
2152
2157
2127
2137
2041
2108
2144
1945
1977
2460
2035
2033
1947
2146
2217
2128
2276
2122
1991
2027
1934
2119
2002
2312
2285
2016
2224
2019
2035
1991
2179
2128
2344
2061
2084
2098
2162
2004
1996
2233
2245
1882
2049
1873
2002
1974
2358
2250
2221
2298
2146
2301
1976
2367
2025
2128
2111
2194
2063
2040
2071
2181
2317
2054
2103
2270
2007
2040
2455
1938
2061
2051
2112
1886
1992
2118
2233
1856
1941
2084
2072
2340
2224
2272
2145
2082
1990
2331
1934
1970
2605
2216
2310
2116
2292
2156
2080
2036
1982
2027
2153
2174
2107
1922
1972
2106
1816
2369
1961
1990
2218
2373
1890
2198
1958
2166
2234
2044
2106
2017
2263
2468
2048
2113
2354
2272
2166
2010
2062
2080
1925
2010
1996
2197
2092
1918
1999
1922
2322
2447
1961
2128
1980
1959
2062
2081
2015
2004
2513
2058
2233
1771
2040
2243
1818
2196
1985
1964
2159
1897
2075
1973
2259
1960
2075
1998
2106
2014
1956
2023
2312
1826
2198
2089
2186
1955
2033
2303
1959
2081
2101
2131
1965
2200
2104
2301
2274
2021
2137
2020
2072
1975
2016
1877
2036
2020
2417
2447
2003
2252
2315
2019
1975
2182
1992
1989
2429
2115
2046
2057
2283
1893
1771
2185
2055
2307
2061
2023
1917
2147
2240
2058
2070
2035
1994
1958
2099
2113
2218
1897
1948
2011
1962
2127
1972
2070
2313
2203
2565
1884
2122
1982
2039
2017
2113
2006
2173
2176
1910
2255
2282
2115
2076
2006
2119
2225
2199
1874
2254
1874
2396
2279
2147
2067
2008
2312
2200
2053
1995
2126
2038
2067
2213
1977
2094
2140
2168
1965
2234
2001
2147
2146
2144
2106
2183
2289
2007
2167
2248
2116
2012
2194
1895
2013
2114
1923
2083
2066
2108
1954
2074
2095
2055
2298
2472
2239
1908
2220
2043
2183
2019
1888
2113
2033
2506
1988
2249
2056
2136
2091
2276
1994
2062
2347
1952
2085
1932
1979
2220
2080
2037
2231
2239
1934
2235
1943
2338
1960
2346
2011
2070
2232
2152
1927
2125
2053
2084
2162
2221
2154
1955
2171
2127
2000
1966
1962
2119
2127
2039
2040
2097
2189
2011
2381
1979
2177
2132
2061
1944
2510
2054
1988
2409
2219
2297
2107
1857
2278
2133
2072
2535
2087
2062
2021
2137
2123
2090
1980
1875
1919
2152
2044
1957
2052
2010
1836
2156
2102
2138
2107
2352
2110
2103
1953
2407
2302
1991
1915
1780
2246
2385
1991
1949
2061
2051
2243
2259
2014
2257
2067
2336
2186
1916
2216
2218
1892
1867
2407
2271
1830
2326
2093
1896
1980
2248
1929
1922
1882
2029
2265
1984
2099
2087
2066
2326
2255
2108
1924
2075
2220
1983
1878
2018
1916
2080
1971
2081
1972
2055
1849
1996
2059
2060
2015
2135
2093
2004
1992
2019
1995
2170
2168
2282
2097
2161
1936
2094
2015
2032
2185
2153
2053
2031
2074
2104
1862
2058
1874
2009
2225
1915
2328
2206
2106
2156
1879
2153
2018
2241
2096
2150
1967
1939
1878
1845
2211
2295
2020
2315
2287
1976
2011
2033
2226
1911
2166
1999
2069
2003
2314
1980
2024
2098
1937
2181
2322
2349
2004
2015
1813
1953
2186
2068
1984
2108
2465
2041
2160
2088
2127
2061
2153
2245
1840
2047
2024
1977
2283
2207
2015
1990
1944
2094
1987
2338
2086
2444
2321
1898
2099
2049
1850
2375
1947
2271
2072
2148
2202
2331
2265
2155
2012
1987
1960
2260
2174
2091
2125
1956
2012
2055
2275
1944
1960
1873
1814
2115
2147
1997
1896
2243
2043
2058
1963
2235
2055
1994
2171
2104
1963
2032
2120
1851
1975
1885
1935
2285
2172
2135
1908
1912
2100
2013
1961
2183
2272
2084
1963
2352
2071
2241
2144
1914
2224
2117
2096
2222
2032
2142
1993
1979
2334
2140
2223
2225
1963
1975
2146
1908
2195
2029
2138
2082
2139
2136
2388
1953
2011
2144
2002
2094
2220
2012
1998
2136
1990
2157
2398
1869
2299
1991
2044
1918
2078
2348
2225
2158
2220
2139
2183
2350
1932
2253
2311
2055
2140
1972
1840
2102
2192
2043
2392
1885
2228
2170
2270
2252
2038
2265
2061
2179
1925
2266
2148
1902
2174
2242
2256
2258
2016
2234
2386
2248
2422
2243
2049
1962
2399
2010
2258
1854
2061
2133
1955
2242
2072
1914
1901
1973
2013
2275
2469
1952
2320
2225
2246
2040
1930
2243
1975
2326
2432
2190
2360
1973
2420
2085
2303
2064
2067
2401
2067
2145
2056
1947
2150
2239
2016
2091
1810
2032
1813
2162
2070
2199
1980
1965
2355
2383
1920
1897
2227
1890
2141
2180
2121
1996
2060
2343
2408
2175
2279
2308
2222
2074
1907
2072
2018
2047
2315
1982
2198
2379
2232
2349
2083
2085
2531
2191
2083
2160
2146
2248
2060
2170
2039
2122
2053
2413
2085
2020
2135
2079
1975
2027
2023
2276
2027
2203
2097
1936
2398
2186
2264
2126
1890
1928
1953
2269
2233
2049
2077
2096
2255
2057
2035
2371
2157
1844
2174
2301
2250
2130
2087
1900
2169
2362
1826
2127
2039
2066
2097
1880
2054
2039
2474
1986
2006
1971
2336
2333
2030
2038
2282
2294
2015
1940
2111
2150
1968
1976
2158
2306
1975
2006
1956
2120
2081
2137
1979
2234
1962
1935
1931
1986
1947
2083
1933
2312
1963
1805
2049
2045
2038
2066
1977
1831
1890
2007
2140
1826
2052
2045
1962
2294
2277
1978
2266
2065
2122
1841
1937
2349
2260
2129
1904
1965
2027
1943
2046
2119
1948
2105
2375
2363
1938
2161
1940
2173
2032
1966
1963
2361
2062
2099
2226
2458
2232
2075
2296
2105
1894
2132
2068
1969
1853
2240
1938
1846
1990
2185
1917
2148
1947
1921
2167
2108
2310
1881
2238
2152
2228
2063
2521
2291
2272
2046
1999
1992
2076
2144
2311
2552
1813
2218
2059
2247
2186
2319
2297
1850
1918
2035
2084
2066
2122
2129
1895
2302
2048
2018
1888
2061
2304
2015
2268
2254
1824
1932
2176
2090
1893
2139
2139
1977
2122
2217
2130
1957
2057
1938
2027
1973
2218
2253
2286
2081
2059
1849
2042
2001
2424
2336
2031
2094
2001
2063
1974
1897
1961
1946
2349
2133
1968
2271
2235
1944
1948
1957
2061
2270
1959
1823
2097
1944
2200
1948
2271
2185
2025
2052
2049
2215
1993
2147
1986
1995
1955
2055
1985
2232
2077
2420
1887
2024
2228
2111
2267
2184
2060
2319
2284
2212
2028
1952
1916
2058
1949
2025
1881
2515
2374
2143
2226
2151
2248
2072
2089
2019
2341
2120
2202
2033
2043
2087
2234
1953
2028
2103
2212
2155
2178
2188
2074
2159
2394
2023
2083
2080
2216
2040
2239
2049
2125
2138
2302
1989
2151
2254
2149
2004
2168
2238
2065
2025
2052
2160
2193
2089
2048
1989
2156
1976
1997
1957
2413
2070
2189
1999
2060
1873
1925
2111
1952
1870
1969
2390
2417
2168
2143
1952
1991
2295
2301
1963
2327
2108
1959
1963
1931
2133
2065
2124
2399
2339
1878
2018
2234
1955
2083
1977
1938
2262
1990
2142
2144
2182
1944
2505
2032
2103
1797
1972
2157
2134
2140
2091
2289
2233
2129
2013
2320
1922
2193
1944
2500
1835
2244
1976
2173
2257
2433
2093
2428
2310
2526
2110
2209
2189
2253
2048
2158
2195
1850
2080
1895
2042
2164
2064
2289
2005
1917
1990
2066
2346
2393
2212
1986
1893
2015
2021
1998
1945
2266
2061
2320
2035
2182
2102
2181
1983
2029
2036
2327
1968
1959
1894
2230
1970
2007
2255
2174
2033
2334
1907
2091
2033
1965
2487
2360
2065
2305
2317
2320
2038
2047
1766
2158
1831
1901
1928
2169
1922
1956
2022
2009
2152
2029
2264
2274
2370
2221
2133
2070
2008
2272
2081
1966
2198
2142
1958
1971
2060
1856
2288
2203
1957
2137
2265
2001
2295
2407
1966
1874
2100
2030
2043
2072
2095
1900
2343
2507
2303
1966
2282
2214
2169
2014
1852
2204
2433
2095
2113
2264
2371
2160
2140
1891
1987
2109
2187
2021
2055
1994
2134
1893
1989
2316
2155
2178
2091
2187
1962
2098
2070
2099
1975
1927
2257
2224
2265
2229
2144
2339
2028
1904
2130
1844
2376
2094
2177
2020
2109
2215
2118
1939
1923
1986
2057
2193
2074
2202
1928
2179
2086
2243
2290
2044
2251
2303
2236
2090
2252
2336
1967
2058
2049
2183
2066
2147
2071
2087
2265
2014
1882
2001
2191
2098
2220
1853
2355
2265
1864
2065
1936
2033
2249
2374
2031
2310
1966
2231
2053
2396
2076
2107
2048
2018
2086
2071
2054
2017
1913
1849
1919
2083
2156
2126
1965
1923
1997
1986
2161
2070
2135
2021
2376
2128
2120
1948
2094
2310
1970
2114
2008
2010
1964
2033
2122
2129
1948
2274
2115
2177
2038
1892
2120
2119
2050
1982
1961
1960
2050
1983
2172
2070
2141
1947
2000
2156
1966
2271
1976
2125
2413
2183
2095
2335
2074
2132
2462
1959
1868
2218
2038
2492
2092
2109
2123
2323
2116
1917
2059
2195
2436
2027
2028
2127
2090
2263
2082
2045
2047
2113
2091
2028
2110
2001
1889
1912
2280
2193
1921
2052
2003
1891
2115
1938
2054
2202
2000
1980
1938
2398
2057
1982
2058
2164
2312
2131
2118
2181
2095
2038
2306
2181
1941
1917
2105
2188
1979
2151
2135
2066
2362
1938
2086
2024
2233
1767
2283
2022
1824
2280
2200
2136
2177
2013
2415
2236
1948
1881
2250
2097
2315
1921
2229
2331
1986
1949
2260
2009
2315
2179
1953
2088
2074
2211
1912
2089
1995
1918
2044
2085
1997
2192
2195
1962
2169
2362
1991
1968
2036
2041
2202
1981
2164
2088
2080
2294
1858
1885
2385
2080
2213
2074
1952
2080
2255
2088
1874
2378
2141
2026
2015
1988
1757
2076
1987
2078
1752
2187
2229
1934
1928
2131
1939
2346
2178
1962
2002
2119
2044
1928
2062
1988
1928
2261
2106
1933
2376
2177
1983
2656
2187
2125
2155
1892
2079
2048
2012
2147
2009
1880
2328
1990
2118
2013
2027
2142
2326
1910
2366
2323
1997
2209
1929
1816
1802
1834
2184
2283
2364
2136
2282
2328
2179
1965
2198
2356
1982
2130
2021
1914
1912
2076
2115
1960
1984
1834
1990
2368
2254
2041
2150
1888
1964
2079
1848
2159
2143
1965
2109
2008
1977
2263
1859
2281
1948
2223
1872
1996
2280
1997
2311
1936
2197
2172
1969
2312
1875
2171
2122
1921
1928
2456
2006
1921
2435
2006
2367
2155
1939
1982
2031
2194
2370
1999
1867
2179
1964
2242
1917
1942
2213
2020
1987
2060
1900
2102
1964
1981
2076
2138
2399
2267
2258
2022
1992
2077
2258
2039
2039
2220
2372
1838
2251
2024
2191
2078
2177
2205
2180
1863
2361
2108
2383
2405
2178
2137
1996
1862
1865
2178
2103
2147
2278
2252
2175
1875
1996
1959
2085
