1519
1361
1703
1461
1352
1569
1388
1541
1411
1404
1488
1399
1605
1628
1468
1536
1413
1419
1564
1255
1495
1424
1470
1400
1541
1580
1308
1632
1562
1411
1443
1560
1490
1605
1423
1391
1403
1379
1395
1279
1577
1208
1272
1647
1483
1501
1210
1787
1555
1619
1434
1445
1488
1392
1454
1226
1542
1565
1438
1844
1518
1394
1351
1523
1451
1354
1274
1357
1295
1545
1551
1455
1295
1533
1539
1238
1291
1329
1350
1492
1249
1617
1527
1572
1334
1533
1350
1464
1619
1434
1248
1268
1451
1353
1632
1483
1344
1396
1379
1594
1378
1559
1571
1606
1503
1546
1417
1351
1278
1513
1563
1431
1557
1621
1456
1411
1454
1397
1448
1460
1564
1422
1622
1499
1267
1471
1321
1465
1604
1450
1610
1580
1514
1290
1471
1413
1367
1414
1526
1472
1536
1402
1700
1535
1613
1412
1349
1345
1406
1407
1583
1532
1255
1341
1375
1528
1290
1534
1414
1314
1584
1383
1386
1293
1386
1363
1403
1248
1254
1478
1618
1402
1425
1467
1547
1546
1476
1475
1634
1556
1514
1363
1258
1369
1643
1472
1527
1234
1351
1464
1611
1418
1429
1412
1609
1619
1526
1533
1537
1256
1678
1387
1502
1490
1400
1465
1392
1430
1514
1533
1383
1364
1359
1709
1428
1373
1455
1605
1483
1397
1370
1556
1358
1326
1454
1297
1675
1510
1351
1552
1551
1433
1470
1466
1295
1337
1274
1394
1597
1579
1483
1514
1520
1244
1472
1432
1405
1551
1387
1584
1514
1447
1415
1487
1400
1369
1416
1447
1517
1397
1417
1342
1340
1428
1585
1332
1319
1411
1412
1282
1653
1394
1324
1440
1383
1352
1463
1515
1744
1342
1394
1426
1440
1396
1416
1456
1349
1490
1570
1427
1460
1341
1339
1440
1505
1413
1308
1692
1566
1540
1427
1360
1636
1280
1561
1329
1493
1257
1440
1778
1293
1409
1363
1430
1594
1398
1578
1403
1304
1368
1471
1448
1533
1355
1346
1413
1423
1582
1405
1358
1340
1369
1493
1503
1427
1397
1591
1618
1371
1360
1396
1579
1374
1615
1323
1428
1326
1517
1497
1352
1284
1430
1521
1357
1666
1635
1468
1361
1522
1385
1431
1310
1614
1519
1308
1338
1548
1569
1656
1647
1471
1439
1486
1598
1381
1395
1375
1534
1412
1413
1677
1576
1516
1624
1624
1389
1465
1639
1513
1591
1536
1311
1708
1379
1549
1415
1610
1656
1590
1347
1482
1387
1438
1335
1297
1664
1294
1294
1423
1310
1391
1367
1330
1205
1406
1570
1501
1413
1413
1584
1581
1607
1413
1554
1433
1406
1382
1548
1394
1577
1347
1526
1545
1498
1364
1486
1452
1449
1474
1356
1440
1363
1267
1403
1497
1402
1404
1386
1414
1452
1311
1405
1377
1424
1339
1378
1468
1400
1320
1359
1671
1331
1332
1627
1400
1539
1393
1663
1540
1275
1401
1601
1472
1487
1355
1229
1664
1405
1581
1373
1427
1358
1440
1640
1349
1454
1336
1386
1410
1735
1541
1474
1249
1490
1444
1280
1469
1607
1598
1516
1291
1529
1427
1505
1407
1545
1453
1327
1446
1402
1547
1378
1545
1525
1296
1387
1399
1496
1587
1410
1491
1507
1529
1468
1378
1370
1383
1711
1576
1490
1457
1418
1482
1446
1527
1437
1474
1269
1355
1357
1367
1338
1290
1370
1420
1352
1403
1838
1397
1653
1428
1348
1692
1455
1551
1611
1515
1440
1484
1855
1489
1363
1466
1349
1530
1407
1377
1437
1295
1562
1560
1619
1285
1372
1327
1477
1427
1549
1349
1422
1384
1306
1456
1444
1519
1501
1359
1328
1329
1411
1506
1341
1281
1553
1585
1428
1351
1368
1413
1291
1347
1329
1608
1415
1408
1388
1491
1433
1362
1492
1439
1395
1415
1400
1604
1363
1336
1340
1362
1352
1404
1345
1419
1443
1330
1366
1356
1361
1289
1526
1532
1673
1656
1328
1583
1368
1379
1362
1630
1497
1480
1366
1536
1752
1568
1354
1453
1429
1544
1426
1358
1589
1353
1582
1599
1444
1330
1275
1440
1540
1519
1537
1470
1389
1347
1714
1309
1351
1534
1400
1445
1476
1432
1522
1299
1426
1478
1497
1369
1293
1474
1499
1556
1473
1360
1336
1510
1485
1470
1315
1414
1406
1619
1616
1463
1368
1689
1502
1353
1383
1478
1271
1568
1394
1496
1500
1415
1661
1375
1496
1455
1338
1493
1510
1330
1395
1312
1612
1574
1353
1551
1393
1580
1397
1316
1691
1918
1403
1542
1427
1469
1609
1474
1330
1421
1575
1544
1348
1585
1566
1342
1266
1383
1488
1408
1471
1518
1351
1527
1508
1538
1517
1510
1459
1529
1400
1559
1438
1454
1469
1420
1484
1434
1417
1429
1426
1453
1494
1443
1284
1477
1486
1391
1541
1449
1494
1370
1465
1279
1507
1606
1447
1354
1320
1234
1427
1433
1600
1538
1319
1456
1152
1503
1410
1431
1524
1679
1445
1349
1304
1469
1371
1335
1454
1539
1314
1596
1383
1576
1665
1336
1399
1333
1382
1306
1469
1310
1627
1327
1443
1313
1373
1578
1260
1581
1243
1503
1373
1425
1569
1440
1390
1417
1308
1640
1389
1499
1453
1314
1534
1451
1425
1525
1530
1444
1559
1588
1667
1333
1316
1370
1514
1423
1457
1244
1472
1650
1299
1525
1611
1576
1371
1491
1615
1574
1472
1349
1425
1436
1525
1210
1325
1576
1513
1236
1571
1357
1352
1335
1511
1733
1345
1539
1539
1448
1509
1420
1338
1305
1629
1407
1427
1425
1642
1366
1548
1550
1297
1366
1338
1467
1549
1435
1321
1481
1354
1495
1313
1335
1575
1532
1633
1342
1635
1500
1329
1297
1323
1547
1464
1347
1370
1190
1379
1464
1384
1550
1341
1408
1515
1544
1576
1371
1427
1665
1579
1535
1414
1528
1449
1385
1585
1369
1230
1329
1732
1365
1503
1311
1408
1611
1451
1409
1349
1299
1294
1381
1308
1484
1328
1490
1543
1433
1515
1480
1374
1562
1349
1613
1502
1632
1308
1737
1390
1522
1518
1684
1434
1399
1401
1344
1251
1388
1382
1377
1448
1419
1385
1525
1372
1260
1529
1356
1469
1509
1397
1390
1403
1355
1416
1239
1351
1577
1525
1343
1454
1522
1541
1418
1571
1365
1642
1582
1517
1569
1456
1430
1258
1404
1487
1388
1657
1411
1364
1347
1411
1439
1627
1554
1321
1363
1400
1486
1503
1427
1368
1573
1336
1350
1478
1472
1691
1267
1595
1566
1549
1417
1812
1598
1536
1329
1620
1552
1238
1396
1484
1398
1392
1479
1730
1371
1431
1580
1437
1331
1601
1458
1572
1673
1346
1586
1304
1310
1527
1622
1329
1452
1424
1606
1447
1471
1459
1426
1434
1447
1552
1437
1340
1646
1385
1550
1587
1358
1329
1301
1608
1387
1293
1396
1385
1310
1632
1435
1506
1424
1307
1554
1395
1510
1385
1392
1637
1552
1285
1503
1471
1337
1449
1250
1553
1600
1426
1364
1350
1439
1399
1525
1513
1484
1611
1540
1516
1549
1409
1389
1455
1403
1514
1504
1575
1433
1550
1757
1282
1357
1334
1417
1441
1352
1316
1554
1555
1487
1442
1292
1509
1328
1402
1555
1422
1431
1514
1374
1456
1462
1456
1465
1417
1383
1554
1401
1335
1441
1522
1335
1539
1494
1481
1388
1363
1556
1527
1494
1569
1640
1380
1400
1555
1672
1487
1501
1364
1589
1548
1398
1291
1366
1301
1615
1341
1379
1499
1395
1421
1520
1461
1413
1439
1300
1346
1366
1519
1402
1746
1471
1414
1527
1476
1699
1385
1423
1390
1340
1451
1369
1577
1577
1495
1268
1284
1480
1508
1626
1347
1317
1370
1613
1577
1452
1639
1363
1540
1405
1324
1457
1447
1299
1624
1578
1376
1353
1578
1419
1533
1463
1570
1333
1476
1465
1475
1416
1620
1350
1450
1539
1359
1466
1422
1328
1582
1344
1553
1335
1411
1479
1434
1479
1458
1359
1563
1331
1265
1563
1346
1358
1380
1378
1327
1485
1480
1430
1195
1514
1399
1663
1604
1656
1542
1433
1362
1435
1446
1359
1260
1633
1403
1546
1535
1388
1909
1459
1412
1590
1609
1242
1524
1639
1380
1562
1493
1528
1366
1311
1475
1326
1367
1626
1480
1484
1331
1713
1458
1465
1583
1413
1518
1456
1509
1410
1413
1514
1263
1684
1685
1464
1304
1376
1630
1530
1508
1291
1522
1372
1771
1487
1451
1280
1434
1370
1321
1520
1339
1593
1458
1447
1424
1337
1359
1505
1240
1521
1402
1393
1376
1436
1391
1338
1448
1645
1561
1508
1477
1339
1567
1435
1521
1304
1438
1346
1549
1378
1756
1498
1526
1419
1423
1401
1616
1443
1401
1533
1325
1309
1345
1599
1359
1342
1437
1281
1515
1593
1316
1281
1434
1399
1643
1518
1436
1488
1320
1442
1420
1398
1423
1491
1554
1349
1610
1333
1450
1373
1362
1620
1420
1387
1289
1289
1439
1421
1317
1503
1431
1613
1387
1561
1411
1612
1329
1396
1527
1369
1475
1577
1586
1327
1453
1306
1419
1441
1466
1397
1436
1552
1447
1630
1633
1452
1562
1447
1380
1320
1470
1499
1459
1377
1723
1481
1322
1519
1557
1475
1390
1238
1472
1497
1420
1437
1370
1433
1345
1438
1445
1376
1369
1332
1306
1534
1490
1470
1537
1437
1343
1419
1502
1402
1426
1396
1546
1412
1582
1410
1543
1593
1329
1511
1615
1368
1629
1422
1478
1508
1328
1649
1334
1293
1218
1311
1410
1417
1397
1264
1352
1678
1512
1633
1536
1409
1598
1507
1304
1248
1320
1358
1392
1466
1382
1599
1519
1497
1478
1462
1331
1293
1508
1347
1451
1514
1401
1414
1833
1392
1355
1381
1455
1412
1567
1446
1575
1502
1249
1431
1562
1477
1494
1587
1304
1615
1395
1588
1372
1571
1327
1445
1455
1329
1411
1269
1389
1280
1399
1324
1457
1436
1443
1431
1232
1402
1464
1607
1317
1302
1476
1617
1373
1278
1427
1379
1495
1622
1481
1350
1656
1380
1475
1306
1419
1358
1578
1388
1369
1404
1484
1311
1388
1381
1471
1645
1601
1351
1501
1777
1335
1391
1677
1383
1536
1321
1415
1545
1316
1569
1386
1603
1545
1564
1223
1320
1369
1584
1353
1479
1314
1276
1340
1609
1500
1346
1444
1451
1311
1302
1375
1574
1333
1599
1366
1591
1417
1318
1488
1329
1357
1417
1401
1439
1434
1532
1509
1360
1366
1461
1457
1492
1338
1357
1350
1486
1484
1416
1599
1379
1341
1367
1344
1455
1554
1615
1507
1513
1307
1435
1474
1417
1371
1512
1237
1441
1484
1252
1332
1662
1478
1386
1486
1698
1467
1231
1460
1282
1424
1582
1387
1330
1384
1481
1612
1384
1742
1317
1624
1528
1548
1566
1399
1603
1647
1281
1408
1321
1460
1291
1356
1469
1635
1266
1463
1417
1418
1324
1540
1457
1533
1374
1405
1636
1312
1426
1385
1297
1568
1297
1649
1392
1349
1259
1279
1434
1517
1464
1472
1582
1243
1484
1332
1307
1345
1292
1349
1436
1354
1444
1400
1380
1430
1341
1275
1629
1460
1354
1284
1440
1470
1484
1191
1590
1604
1507
1503
1645
1374
1302
1666
1354
1380
1536
1397
1402
1419
1386
1374
1335
1739
1575
1366
1398
1509
1368
1452
1408
1467
1301
1582
1453
1287
1492
1477
1333
1314
1544
1507
1474
1490
1360
1533
1515
1572
1356
1389
1406
1519
1558
1495
1538
1382
1542
1347
1349
1361
1430
1398
1560
1482
1406
1501
1450
1481
1432
1471
1467
1340
1367
1345
1536
1300
1412
1474
1471
1325
1415
1329
1324
1514
1292
1474
1616
1642
1364
1423
1497
1355
1305
1495
1857
1364
1392
1335
1312
1609
1350
1566
1338
1439
1259
1401
1396
1605
1495
1265
1413
1380
1413
1685
1468
1348
1458
1466
1404
1422
1503
1488
1554
1258
1499
1514
1350
1497
1608
1256
1358
1319
1468
1284
1359
1389
1332
1603
1544
1338
1415
1526
1449
1501
1644
1320
1374
1320
1281
1545
1465
1441
1377
1487
1468
1534
1584
1394
1469
1613
1467
1518
1475
1431
1535
1658
1417
1610
1483
1648
1482
1447
1269
1418
1269
1484
1544
1527
1615
1549
1442
1414
1335
1533
1449
1378
1441
1484
1429
1361
1804
1443
1303
1423
1361
1257
1373
1459
1432
1366
1431
1518
1428
1319
1359
1300
1266
1335
1257
1484
1348
1370
1465
1288
1850
1288
1645
1330
1362
1354
1555
1555
1594
1437
1421
1227
1492
1333
1588
1308
1417
1342
1586
1346
1448
1545
1552
1448
1432
1371
1507
1354
1466
1537
1365
1607
1364
1458
1372
1527
1675
1490
1513
1366
1644
1265
1361
1365
1295
1525
1518
1309
1650
1510
1699
1402
1592
1401
1318
1582
1267
1277
1464
1250
1792
1548
1305
1580
1385
1563
1418
1265
1516
1442
1293
1475
1479
1408
1559
1510
1541
1555
1446
1362
1418
1362
1325
1314
1509
1426
1318
1563
1512
1442
1464
1512
1626
1384
1354
1489
1457
1616
1638
1398
1535
1487
1398
1423
1311
1466
1400
1481
1394
1410
1358
1607
1465
1346
1312
1544
1589
1574
1535
1489
1399
1242
1558
1216
1477
1369
1556
1321
1562
1331
1476
1725
1625
1449
1458
1501
1340
1684
1542
1462
1349
1442
1636
1820
1322
1290
1394
1286
1388
1368
1523
1514
1376
1480
1522
1413
1370
1521
1474
1467
1266
1422
1386
1633
1292
1488
1472
1396
1432
1407
1476
1417
1321
1532
1457
1226
1459
1647
1226
1387
1586
1451
1477
1662
1511
1674
1326
1610
1515
1487
1360
1421
1312
1452
1327
1629
1388
1265
1558
1625
1382
1451
1464
1480
1520
1408
1613
1442
1301
1579
1378
1389
1463
1435
1674
1439
1278
1546
1518
1486
1332
1523
1592
1465
1457
1514
1704
1657
1278
1308
1364
1441
1322
1587
1357
1497
1570
1424
1682
1461
1255
1598
1410
1388
1414
1582
1470
1613
1597
1579
1581
1367
1432
1487
1536
1276
1627
1502
1272
1276
1304
1457
1399
1412
1457
1431
1437
1588
1417
1562
1565
1583
1529
1561
1339
1383
1308
1572
1820
1298
1490
1463
1495
1500
1480
1506
1556
1419
1377
1478
1552
1310
1417
1386
1329
1331
1535
1635
1590
1412
1371
1358
1359
1307
1347
1455
1434
1300
1338
1747
1629
1417
1485
1371
1307
1314
1445
1253
1310
1485
1400
1640
1475
1296
1282
1420
1535
1349
1538
1330
1634
1417
1545
1327
1618
1644
1410
1473
1574
1621
1466
1493
1620
1404
1401
1358
1491
1379
1428
1316
1452
1302
1411
1546
1413
1594
1272
1480
1432
1236
1579
1580
1343
1390
1334
1546
1339
1421
1392
1294
1392
1571
1476
1650
1430
1418
1522
1485
1597
1599
1631
1535
1355
1493
1454
1475
1552
1575
1397
1619
1346
1471
1715
1547
1409
1359
1527
1363
1390
1376
1382
1565
1313
1404
1448
1218
1528
1369
1450
1484
1503
1582
1489
1353
1595
1462
1526
1433
1373
1313
1387
1620
1325
1331
1394
1456
1529
1437
1504
1459
1392
1450
1357
1347
1407
1438
1273
1476
1445
1449
1471
1312
1380
1468
1525
1535
1558
1555
1376
1499
1470
1440
1364
1556
1486
1352
1271
1321
1301
1381
1446
1656
1664
1602
1456
1427
1397
1455
1489
1358
1565
1392
1682
1332
1406
1563
1615
1390
1416
1328
1379
1492
1573
1311
1552
1491
1589
1494
1305
1359
1432
1417
1346
1392
1322
1503
1350
1415
1646
1238
1356
1409
1581
1487
1446
1431
1490
1424
1388
1532
1244
1340
1485
1368
1605
1628
1302
1485
1563
1630
1474
1443
1410
1491
1537
1601
1440
1414
1471
1513
1332
1486
1302
1353
1541
1344
1635
1393
1443
1215
1510
1364
1348
1611
1426
1434
1361
1580
1385
1335
1348
1454
1340
1234
1407
1261
1623
1323
1616
1464
1858
1573
1439
1365
1355
1420
1444
1536
1442
1610
1552
1275
1503
1465
1468
1405
1429
1356
1423
1380
1361
1638
1483
1399
1388
1550
1341
1443
1506
1515
1335
1354
1362
1345
1414
1562
1401
1536
1411
1540
1355
1479
1473
1578
1613
1464
1405
1345
1344
1571
1518
1525
1483
1686
1468
1348
1620
1475
1465
1502
1374
1253
1270
1591
1355
1268
1448
1645
1472
1615
1739
1367
1410
1650
1583
1324
1346
1450
1472
1357
1510
1346
1860
1341
1416
1431
1261
1391
1322
1423
1201
1337
1581
1358
1554
1363
1317
1433
1430
1488
1638
1316
1351
1348
1421
1565
1553
1629
1214
1296
1482
1435
1401
1610
1373
1509
1493
1461
1395
1433
1329
1483
1403
1379
1544
1315
1443
1428
1248
1705
1436
1375
1364
1305
1573
1333
1599
1508
1418
1343
1623
1616
1398
1316
1517
1528
1280
1316
1280
1549
1432
1616
1342
1406
1573
1506
1531
1599
1337
1550
1362
1300
1312
1447
1320
1292
1649
1611
1416
1657
1423
1501
1222
1598
1460
1564
1328
1598
1364
1467
1305
1357
1291
1602
1597
1625
1356
1375
1306
1351
1442
1504
1365
1333
1295
1502
1422
1251
1485
1362
1401
1405
1402
1433
1396
1642
1540
1261
1443
1444
1445
1463
1283
1294
1271
1461
1248
1482
1324
1415
1374
1470
1446
1413
1501
1276
1403
1420
1452
1323
1398
1429
1565
1385
1293
1404
1575
1486
1283
1577
1471
1305
1454
1387
1381
1415
1609
1310
1317
1505
1374
1361
1537
1329
1345
1326
1353
1567
1310
1544
1367
1326
1431
1427
1523
1562
1649
1457
1358
1587
1605
1376
1274
1359
1426
1623
1348
1362
1451
1364
1536
1521
1349
1337
1229
1536
1621
1581
1385
1551
1485
1398
1389
1275
1591
1380
1336
1681
1629
1507
1328
1465
1583
1325
1439
1589
1578
1462
1443
1344
1447
1623
1290
1376
1320
1532
1264
1302
1371
1563
1591
1678
1638
1288
1564
1452
1394
1344
1597
1408
1532
1482
1387
1446
1366
1673
1400
1518
1403
1307
1649
1368
1674
1417
1468
1311
1440
1435
1434
1606
1468
1434
1391
1466
1531
1344
1443
1640
1371
1407
1566
1472
1514
1280
1294
1409
1362
1409
1361
1622
1501
1569
1302
1543
1317
1385
1405
1286
1485
1247
1535
1541
1453
1371
1364
1381
1273
1715
1338
1315
1272
1426
1472
1364
1355
1525
1467
1642
1492
1402
1200
1471
1332
1463
1464
1328
1630
1450
1620
1317
1390
1587
1639
1395
1375
1368
1471
1502
1573
1466
1299
1611
1309
1434
1304
1604
1447
1484
1425
1496
1693
1504
1277
1326
1534
1455
1360
1241
1360
1434
1521
1579
1268
1407
1272
1347
1398
1364
1579
1601
1572
1414
1318
1308
1471
1325
1318
1467
1396
1462
1344
1626
1302
1468
1544
1287
1401
1406
1588
1317
1359
1360
1424
1569
1447
1299
1353
1542
1583
1475
1363
1410
1355
1275
1319
1252
1621
1293
1489
1426
1591
1392
1548
1493
1381
1361
1577
1626
1501
1295
1454
1402
1550
1779
1635
1581
1457
1597
1373
1353
1480
1507
1381
1272
1551
1494
1451
1532
1334
1305
1441
1453
1411
1487
1514
1366
1328
1475
1368
1280
1414
1503
1476
1416
1450
1603
1306
1557
1520
1317
1412
1436
1404
1466
1670
1640
1488
1346
1620
1473
1419
1372
1602
1433
1587
1471
1568
1360
1643
1453
1467
1275
1294
1444
1292
1406
1248
1410
1337
1649
1267
1294
1437
1407
1639
1227
1366
1447
1533
1582
1273
1545
1357
1584
1317
1510
1797
1416
1521
1327
1360
1251
1321
1454
1425
1615
1594
1548
1544
1584
1353
1516
1487
1608
1423
1542
1334
1394
1376
1559
1484
1402
1310
1326
1461
1293
1303
1355
1360
1451
1405
1419
1501
1592
1473
1406
1432
1284
1522
1411
1413
1386
1473
1370
1495
1484
1418
1342
1395
1319
1500
1448
1449
1525
1388
1371
1345
1417
1388
1532
1367
1374
1406
1472
1645
1597
1440
1618
1351
1321
1406
1324
1622
1509
1385
1402
1407
1455
1577
1286
1792
1589
1263
1429
1426
1312
1507
1562
1416
1477
1257
1500
1476
1380
1374
1466
1388
1374
1307
1314
1273
1591
1409
1442
1609
1403
1332
1362
1442
1318
1422
1311
1542
1361
1625
1576
1360
1349
1288
1295
1347
1383
1310
1383
1516
1379
1496
1422
1407
1367
1556
1220
1354
1253
1488
1489
1570
1426
1456
1285
1564
1489
1405
1342
1466
1449
1324
1545
1307
1425
1337
1440
1513
1488
1456
1410
1442
1342
1423
1416
1446
1342
1370
1538
1581
1704
1462
1505
1415
1519
1616
1392
1449
1578
1352
1578
1416
1617
1448
1250
1343
1355
1380
1381
1379
1436
1296
1778
1586
1380
1355
1307
1598
1527
1381
1537
1488
1510
1566
1469
1428
1287
1307
1448
1617
1328
1340
1268
1536
1439
1410
1417
1343
1287
1423
1508
1620
1561
1389
1408
1451
1608
1360
1509
1467
1506
1394
1427
1332
1481
1375
1565
1441
1412
1359
1591
1414
1306
1530
1316
1656
1320
1517
1415
1414
1383
1372
1330
1724
1338
1336
1514
1417
1357
1474
1451
1544
1500
1561
1402
1429
1405
1530
1313
1452
1582
1427
1336
1311
1468
1465
1519
1333
1519
1400
1296
1496
1615
1566
1247
1425
1373
1475
1384
1338
1350
1479
1530
1388
1356
1656
1308
1472
1287
1627
1354
1372
1318
1437
1579
1533
1441
1368
1564
1506
1341
1388
1343
1367
1471
1363
1585
1409
1374
1441
1425
1601
1227
1275
1470
1833
1417
1402
1380
1400
1335
1336
1356
1458
1333
1441
1537
1940
1387
1293
1486
1415
1515
1470
1562
1610
1291
1549
1498
1500
1602
1333
1418
1298
1392
1414
1285
1244
1445
1521
1434
1489
1380
1371
1518
1309
1578
1276
1542
1509
1368
1444
1542
1323
1346
1297
1672
1394
1344
1474
1420
1533
1300
1346
1537
1311
1318
1474
1317
1337
1410
1409
1396
1540
1420
1468
1447
1398
1403
1508
1525
1420
1375
1323
1606
1320
1243
1508
1435
1679
1643
1493
1513
1423
1612
1517
1196
1342
1580
1411
1366
1690
1499
1300
1415
1407
1383
1574
1349
1360
1421
1407
1360
1486
1629
1272
1566
1579
1475
1368
1354
1406
1503
1376
1547
1254
1388
1440
1493
1507
1385
1392
1399
1524
1331
1328
1439
1270
1455
1530
1318
1467
1551
1498
1602
1429
1425
1387
1241
1433
1399
1596
1297
1270
1726
1426
1633
1379
1516
1295
1436
1445
1417
1516
1611
1373
1624
1193
1554
1281
1598
1381
1828
1494
1653
1285
1465
1508
1407
1404
1390
1403
1377
1423
1394
1585
1518
1486
1421
1561
1237
1318
1361
1477
1367
1342
1351
1481
1335
1683
1366
1565
1463
1409
1625
1271
1598
1564
1383
1264
1348
1342
1606
1413
1462
1370
1306
1459
1388
1307
1495
1658
1294
1446
1302
1576
1324
1308
1505
1400
1666
1568
1500
1306
1551
1533
1463
1440
1619
1490
1505
1399
1500
1575
1433
1585
1363
1580
1501
1486
1338
1472
1616
1265
1252
1327
1635
1290
1377
1312
1491
1614
1520
1374
1385
1546
1550
1420
1788
1474
1280
1353
1394
1446
1398
1329
1395
1326
1436
1605
1350
1355
1295
1400
1507
1320
1501
1431
1298
1602
1424
1420
1364
1394
1338
1395
1257
1363
1397
1267
1293
1272
1407
1486
1412
1443
1366
1401
1401
1536
1470
1363
1494
1544
1279
1528
1343
1523
1422
1411
1270
1277
1394
1495
1369
1608
1473
1548
1592
1300
1601
1380
1443
1612
1528
1351
1261
1592
1546
1437
1774
1249
1536
1262
1258
1387
1355
1590
1365
1475
1360
1499
1383
1674
1489
1541
1406
1468
1622
1360
1400
1413
1428
1378
1426
1559
1362
1347
1629
1335
1471
1410
1526
1623
1622
1598
1656
1407
1405
1385
1387
1487
1632
1429
1331
1314
1465
1576
1298
1373
1466
1646
1271
1369
1521
1393
1331
1424
1463
1299
1410
1407
1476
1485
1548
1511
1538
1642
1276
1416
1278
1474
1403
1437
1579
1383
1298
1375
1351
1465
1494
1598
1318
1532
1690
1345
1527
1403
1383
1407
1232
1367
1554
1583
1628
1615
1690
1365
1415
1542
1491
1451
1480
1535
1262
1434
1359
1486
1316
1379
1366
1427
1318
1403
1544
1388
1433
1468
1353
1361
1292
1505
1378
1309
1468
1382
1554
1515
1450
1385
1623
1550
1337
1323
