1965
591
591
587
589
588
585
587
587
590
588
588
586
572
584
613
611
587
587
586
588
587
590
588
589
586
585
588
611
615
588
586
587
589
587
899
587
585
581
584
585
586
585
582
582
584
582
586
583
583
584
580
582
581
615
597
587
562
582
591
573
601
568
579
578
582
581
615
598
582
581
578
581
581
630
581
581
580
581
583
584
579
581
579
580
580
579
584
581
581
578
581
581
582
581
581
581
579
580
580
583
579
583
581
579
583
578
584
580
581
578
586
580
582
578
579
581
578
577
581
582
578
580
564
581
578
579
584
581
582
578
579
579
583
580
578
579
579
699
605
582
577
580
577
581
581
581
580
578
581
579
578
580
582
579
577
577
566
580
583
580
578
580
576
581
580
597
581
579
580
577
577
580
583
581
581
575
578
579
582
578
578
579
578
582
581
582
580
582
576
579
578
581
579
580
581
574
581
578
582
581
577
581
575
579
579
583
581
579
577
578
578
581
580
581
580
579
579
579
591
580
579
580
577
593
577
583
578
580
577
577
577
583
577
580
580
575
580
579
592
579
907
579
578
578
583
577
581
578
579
579
578
582
579
578
577
576
580
580
580
581
579
580
577
580
580
577
579
560
577
578
579
582
579
577
577
578
580
581
579
580
577
577
578
580
580
578
578
575
580
578
577
583
574
577
577
578
580
580
579
577
580
576
577
579
581
579
580
577
577
578
582
580
578
579
577
578
579
582
579
579
580
577
594
577
581
578
579
576
578
579
581
578
578
580
578
579
580
579
578
577
578
578
577
580
812
576
580
577
580
579
580
579
579
564
578
577
578
579
577
580
577
579
683
739
578
582
577
580
579
581
578
579
580
579
579
578
628
579
580
576
577
595
578
663
578
577
579
577
579
583
578
580
578
577
580
578
629
578
581
579
581
582
583
581
580
580
579
578
579
581
579
577
577
578
579
579
581
577
577
578
578
578
583
578
580
578
578
577
578
582
576
581
575
579
579
580
579
577
580
577
578
578
580
577
577
847
626
578
585
578
577
578
574
579
579
578
578
579
578
576
576
579
581
581
578
576
579
578
580
579
577
579
577
578
577
579
578
578
578
578
576
582
577
578
580
577
614
592
586
578
577
580
574
578
576
580
580
577
580
578
578
582
577
578
580
576
577
579
582
579
580
557
578
577
578
580
579
578
578
579
576
581
576
579
580
576
579
577
581
577
578
577
576
588
578
580
578
578
577
577
578
581
578
578
579
578
579
579
626
578
809
574
578
578
581
578
577
579
577
579
577
666
579
579
576
577
578
584
578
578
578
576
577
578
629
577
578
574
578
577
664
656
578
580
579
577
580
581
578
578
576
578
577
583
576
576
579
578
579
577
583
578
579
579
576
577
578
582
577
580
575
577
577
580
579
577
580
577
579
579
578
579
579
560
577
577
579
578
579
578
574
578
576
764
577
583
558
577
578
578
583
578
579
577
577
578
580
579
578
578
575
906
582
579
578
578
578
578
578
580
578
579
560
577
579
578
579
577
580
576
578
580
580
580
577
576
577
578
579
580
576
597
617
578
579
580
579
577
579
577
599
599
610
605
602
584
577
575
583
624
579
578
576
578
578
582
578
577
579
576
578
578
625
579
579
575
579
578
580
580
577
579
574
579
580
624
579
577
578
579
578
581
578
580
579
575
579
578
582
578
578
577
575
579
579
592
578
576
577
580
587
580
577
577
579
658
567
577
582
580
576
564
578
578
578
581
578
579
577
579
577
581
563
581
636
575
580
577
581
576
579
576
575
579
580
577
578
576
623
578
578
582
578
578
577
576
578
577
579
577
580
578
577
577
583
578
578
577
575
579
577
580
577
579
578
578
578
579
580
578
578
578
575
579
582
578
577
577
578
577
578
581
577
577
576
578
578
580
578
578
578
576
577
577
581
576
580
578
577
592
576
583
578
577
575
576
576
861
613
579
575
579
577
581
580
576
578
577
579
578
580
579
577
578
576
578
578
580
579
578
575
578
578
582
577
580
577
580
564
568
579
563
626
575
577
577
578
580
579
577
575
579
577
582
590
577
580
575
594
576
578
578
576
578
578
577
582
578
579
578
575
578
577
582
577
576
577
576
578
578
580
578
577
576
578
577
584
578
579
579
576
579
577
582
579
576
579
576
578
576
579
579
578
576
578
604
599
602
587
599
558
685
622
581
578
579
574
579
578
579
577
577
578
576
577
578
579
578
578
575
576
578
579
578
578
578
575
576
577
582
577
563
576
578
576
576
579
576
578
