2289
834
768
784
779
772
773
769
824
774
781
788
770
776
788
773
784
770
774
794
784
796
779
789
784
787
753
785
776
772
785
786
770
880
797
772
755
773
786
774
786
757
785
783
774
784
819
774
828
789
783
770
758
773
784
772
771
771
797
772
776
818
812
829
769
773
784
782
774
773
758
785
826
806
788
771
773
801
773
770
771
757
819
786
772
780
780
777
774
782
759
774
855
771
771
1087
777
786
787
827
773
843
809
772
771
783
789
777
771
836
783
773
786
772
786
772
772
771
801
1012
836
770
790
825
785
829
780
771
769
772
771
772
773
771
770
775
769
773
758
768
778
824
779
771
781
778
772
780
792
769
774
769
771
781
797
781
795
772
796
783
790
770
793
785
772
786
798
847
787
784
783
775
766
771
784
770
787
786
783
793
770
783
779
771
802
772
785
769
836
801
773
782
770
770
786
780
802
784
784
772
774
769
769
799
797
771
783
770
825
784
784
783
782
775
771
769
786
808
774
773
771
783
772
787
771
790
763
771
795
781
781
785
770
775
783
770
770
782
778
785
803
782
783
805
789
772
809
1043
828
825
773
781
788
770
770
769
795
786
776
786
755
771
799
782
779
790
796
783
773
782
791
782
891
771
782
784
779
776
771
782
769
782
809
771
784
769
772
783
785
774
781
788
779
798
785
778
771
773
773
770
780
777
771
773
798
782
812
770
775
753
768
776
769
786
790
784
773
772
778
769
782
799
769
782
804
806
885
770
784
770
784
790
773
782
778
775
831
782
786
779
782
774
781
772
769
912
779
772
770
785
796
771
790
761
790
773
773
774
802
776
775
771
777
771
773
772
771
768
781
784
789
770
770
755
771
786
787
781
790
783
777
771
780
816
794
776
772
768
769
788
774
785
784
779
797
774
785
780
770
769
1125
783
791
770
789
781
781
774
771
776
773
771
769
786
776
785
799
790
780
774
783
772
781
781
786
771
767
771
771
770
771
770
781
794
771
773
784
775
772
787
771
788
771
774
774
784
787
808
777
772
791
785
771
778
772
784
769
781
786
769
786
781
769
771
769
821
780
771
800
792
772
801
769
775
777
821
770
769
772
783
775
784
772
822
823
778
783
772
775
781
784
797
784
776
772
783
772
772
784
773
770
770
781
783
786
770
767
775
799
770
788
772
771
771
785
784
783
787
771
784
770
773
785
772
771
777
772
774
771
769
769
787
775
784
771
773
781
800
772
770
769
775
773
785
770
771
779
776
774
770
768
783
792
784
1103
770
774
770
802
809
774
775
773
772
807
769
787
774
787
763
783
802
789
786
781
755
774
815
1009
848
772
818
773
785
788
788
772
787
771
798
781
781
773
773
818
776
769
786
768
807
811
805
785
768
782
777
769
771
757
782
786
777
775
773
769
888
772
816
833
785
784
772
784
786
785
781
801
772
774
782
775
782
784
796
786
803
772
768
768
799
796
772
767
792
849
771
775
756
782
775
772
770
836
791
796
784
775
799
782
790
773
786
768
842
783
772
784
771
781
773
777
773
776
783
770
769
789
770
773
770
773
770
769
776
773
777
772
771
773
782
776
772
771
774
806
786
769
772
773
783
770
793
783
776
783
786
1063
822
775
774
773
768
785
778
770
772
780
770
780
771
771
772
782
787
781
785
785
785
771
775
769
927
771
772
771
781
770
774
787
780
770
792
777
824
784
770
783
776
787
778
770
773
774
775
770
790
783
789
778
784
782
780
774
773
783
770
769
774
785
778
781
771
789
774
773
770
769
839
777
793
798
774
770
780
784
769
774
786
814
770
786
780
782
772
783
798
805
857
788
778
777
775
773
772
803
769
774
771
774
771
773
779
768
772
782
781
817
789
798
772
771
774
781
772
770
783
832
770
772
769
786
786
772
788
767
775
771
771
777
771
774
769
769
782
771
774
770
780
755
769
776
779
786
757
770
773
782
792
768
770
1095
770
772
768
784
772
771
799
781
771
774
789
783
772
778
775
770
771
781
777
777
771
770
781
832
845
775
775
784
799
794
830
796
771
806
800
803
770
770
780
780
773
770
772
775
769
769
771
781
777
771
794
758
796
815
796
772
772
772
772
771
771
771
772
775
798
770
771
769
789
773
774
772
775
773
770
783
773
773
773
784
771
780
776
785
772
791
768
773
777
829
774
786
776
771
785
753
773
800
772
773
780
773
776
774
772
767
769
778
771
770
785
773
774
772
786
772
780
799
774
783
770
770
788
779
770
770
773
774
783
792
803
785
787
771
794
786
772
789
799
