15133
1031
1052
975
980
1340
983
979
979
975
980
978
979
978
993
978
1031
979
980
977
976
977
981
978
1036
979
976
974
973
978
974
974
971
978
975
973
971
1022
972
972
974
978
974
970
972
1023
994
1004
1008
989
971
972
972
977
973
1027
971
1131
968
1045
976
972
971
1116
979
972
972
970
976
973
973
971
973
974
970
972
975
971
974
972
992
972
970
970
974
972
973
970
976
971
1027
971
973
971
967
971
975
972
970
972
973
970
971
974
973
972
1027
973
969
971
969
974
972
972
968
975
971
971
970
974
972
970
1017
975
972
972
972
1300
970
975
973
974
967
971
973
972
973
972
971
976
1016
1011
996
970
971
970
974
972
970
971
975
971
972
970
972
971
972
970
976
970
973
972
976
970
970
970
977
972
971
972
973
972
970
970
1024
971
970
970
974
1046
968
971
973
969
970
971
973
970
969
971
974
970
970
972
974
972
972
973
971
970
970
972
973
970
970
974
969
970
970
974
970
970
985
1082
969
970
970
975
969
972
970
977
970
973
970
976
971
971
967
974
971
971
970
1012
1003
1026
971
1056
972
967
970
1017
970
999
1017
1011
970
971
1005
1312
971
970
1059
970
970
970
1081
970
969
972
974
968
970
975
989
972
967
988
969
969
970
974
972
970
970
973
971
970
969
974
970
971
969
976
968
969
970
972
970
971
971
974
972
969
970
972
970
970
972
973
970
1203
966
1031
969
970
971
971
970
968
973
970
969
970
973
969
969
970
973
970
971
969
975
970
970
970
976
970
971
970
1021
999
968
969
976
971
972
971
973
971
970
970
973
969
972
969
975
971
968
971
974
970
972
971
973
970
970
969
986
975
1024
969
973
970
967
970
973
970
970
970
975
1299
970
980
970
970
971
974
970
971
972
973
971
969
970
973
971
971
968
974
982
971
970
973
969
970
968
975
971
972
969
972
971
1026
968
975
969
968
972
975
970
969
969
974
970
969
969
973
970
968
975
979
970
1064
1033
977
969
969
1019
970
970
969
973
970
969
970
1018
970
972
969
975
969
970
968
972
971
970
970
974
971
970
970
972
972
1028
970
985
1009
996
1031
968
971
970
973
972
969
970
974
971
973
970
975
970
972
971
975
970
970
969
975
969
970
970
974
992
1004
976
987
971
970
971
973
972
1250
1019
975
971
970
973
971
968
969
973
970
969
969
972
970
969
970
975
970
970
971
973
983
970
970
987
999
1008
1025
974
969
971
968
973
982
1031
968
975
970
969
969
972
1015
1026
1043
1017
972
968
972
971
971
1000
1134
1032
969
968
973
979
968
970
975
969
971
968
974
971
970
969
972
969
970
969
974
969
969
968
973
969
1044
969
979
970
968
995
1160
969
970
1016
991
973
968
1029
999
970
970
1045
969
969
968
1052
970
971
970
1045
970
1042
971
1081
970
969
970
1025
969
971
999
1030
969
970
1005
1010
968
969
1387
970
1029
971
1018
969
969
971
1076
972
971
976
971
968
971
1002
989
970
970
974
971
970
970
974
1002
1007
1011
977
968
970
970
975
969
969
971
976
969
970
973
972
969
971
969
974
970
1025
971
972
969
966
970
971
1047
1023
972
980
968
969
976
969
971
970
973
970
970
971
974
971
969
969
975
969
970
971
977
970
970
969
973
969
969
970
973
1124
982
968
1023
974
1026
971
973
969
971
969
1020
970
970
972
1015
969
969
1060
970
970
972
975
969
970
969
974
972
970
968
975
970
970
970
975
1004
1011
1005
1251
1010
965
969
972
969
1028
973
971
972
971
975
969
971
971
975
973
970
968
974
969
969
970
973
972
970
970
974
978
969
968
973
970
971
972
976
972
970
973
975
972
972
971
973
970
971
970
972
971
970
969
973
970
1046
968
974
979
960
969
980
969
972
970
984
970
969
969
973
969
971
969
974
971
970
973
971
970
969
974
970
970
969
996
990
971
970
975
971
970
969
1019
981
971
970
975
969
974
968
974
969
1030
970
975
971
971
968
973
970
970
969
975
970
1040
970
973
970
969
970
972
971
971
971
989
1348
1009
990
968
971
968
976
970
971
970
975
971
970
970
972
971
970
967
975
972
970
969
974
970
1044
970
972
970
967
972
984
1009
1002
1013
971
972
967
974
972
971
969
973
969
970
969
973
970
970
970
972
969
969
1049
1035
969
971
970
972
971
970
971
974
971
971
968
975
969
970
970
973
969
972
971
974
970
1025
968
972
972
967
970
975
972
1031
973
972
972
1030
976
969
971
1015
1004
984
970
970
1089
1037
1357
967
973
970
966
1283
971
972
969
976
971
971
971
1022
971
971
972
974
971
970
972
976
970
1261
991
993
970
971
974
971
971
970
975
969
970
971
975
971
1026
969
973
970
973
