2294
606
566
567
570
568
569
576
568
570
568
567
566
573
571
578
569
567
569
569
821
654
569
569
570
568
574
568
568
568
566
569
568
573
554
570
570
615
569
569
573
569
569
567
569
568
572
570
569
570
567
568
570
572
570
567
571
565
569
568
571
567
567
570
579
617
554
571
647
571
578
593
592
632
565
569
567
567
568
568
573
567
569
567
567
567
592
594
568
570
566
568
567
571
572
567
569
565
569
568
571
567
569
570
567
568
568
570
568
571
720
564
567
569
566
568
568
568
566
569
572
577
579
590
593
594
635
633
566
568
567
568
568
570
567
566
569
568
567
612
681
569
568
569
568
567
599
586
567
567
568
567
568
655
567
568
566
567
567
588
596
566
567
564
567
568
623
600
568
568
565
567
567
618
567
565
567
564
568
570
566
566
567
566
567
567
570
568
566
552
566
566
568
568
568
567
567
568
567
568
569
567
566
566
566
567
570
565
567
567
551
567
567
570
567
568
566
566
566
568
570
568
568
574
559
568
566
569
566
880
566
567
568
603
580
566
568
567
567
568
571
567
566
568
555
568
571
566
568
567
567
567
566
570
567
567
566
566
565
567
568
565
568
567
567
566
568
570
568
566
566
568
567
557
568
566
585
608
569
566
571
567
567
567
562
568
566
570
567
567
567
567
566
566
570
566
567
565
565
567
568
567
567
567
566
569
568
571
567
718
588
565
566
566
614
566
566
568
566
575
572
566
567
568
613
568
568
617
567
566
548
566
568
569
569
589
574
575
565
567
571
567
567
567
567
568
568
570
567
565
569
566
567
568
568
567
571
547
567
567
572
566
568
567
566
566
568
573
566
568
566
565
566
568
570
567
568
567
566
565
567
569
567
568
569
567
566
569
567
591
593
594
592
564
570
567
568
567
564
568
586
644
567
571
561
569
567
592
594
564
567
566
567
567
652
568
566
566
565
567
567
616
568
570
547
567
567
599
608
568
565
568
567
566
615
568
569
568
896
567
625
608
566
566
567
566
568
617
569
568
568
566
565
571
567
567
566
564
567
566
571
568
568
568
565
566
566
571
567
570
568
566
566
567
569
566
566
569
568
568
569
569
567
567
564
568
566
570
568
565
570
566
567
567
570
568
565
569
565
567
567
571
567
566
567
566
567
568
568
567
567
564
568
567
569
566
566
567
566
567
567
570
569
566
566
566
566
567
646
566
566
567
565
568
571
566
569
567
566
564
568
571
567
567
567
565
567
568
569
568
569
565
567
565
568
568
566
567
566
567
565
570
567
568
568
564
567
565
570
567
567
567
565
568
567
570
567
568
567
566
569
566
570
566
568
566
566
568
569
569
567
568
550
566
566
571
565
565
567
564
568
566
571
582
568
565
566
567
567
554
573
565
566
565
566
565
571
567
566
548
567
567
572
568
566
568
562
567
568
569
567
567
569
566
566
568
567
568
564
568
568
566
566
569
567
567
568
567
882
571
567
569
567
566
568
566
570
566
566
597
566
567
571
567
567
568
565
567
567
569
568
566
569
566
566
568
614
569
566
569
566
567
571
568
570
568
564
569
567
597
588
568
567
566
566
567
570
569
568
567
565
566
568
570
566
566
565
567
566
573
566
579
567
563
567
566
569
567
567
566
566
567
566
572
566
566
568
568
565
567
571
567
567
566
567
567
573
567
647
559
564
567
567
599
584
567
568
567
566
569
572
567
566
567
567
568
565
617
567
565
566
566
567
569
566
567
568
566
567
567
568
568
567
568
567
567
568
569
567
568
566
566
565
568
569
558
561
546
610
567
571
566
569
567
565
569
566
570
566
567
567
565
567
566
569
567
567
566
566
566
569
567
566
569
562
568
566
571
567
579
567
564
567
565
585
567
568
566
565
568
566
570
566
567
567
564
567
570
567
568
576
557
566
569
569
569
566
567
566
569
567
569
567
567
567
567
567
567
882
567
568
567
569
566
571
566
568
568
627
567
567
571
578
569
567
567
567
569
567
566
566
565
568
567
571
570
564
567
566
568
567
570
568
566
569
564
568
567
569
567
567
614
566
569
551
567
565
567
568
564
566
568
568
566
567
565
566
569
570
568
567
566
567
565
566
572
568
567
567
567
566
571
566
566
568
565
567
567
570
567
566
568
565
568
566
571
550
568
724
558
568
570
568
566
568
564
643
608
570
568
567
578
541
567
567
568
568
566
568
566
567
569
567
567
579
612
566
567
572
567
568
566
564
566
569
570
567
567
568
567
566
568
569
568
591
592
569
567
570
567
