1387
1445
1437
1496
1355
1410
1449
1439
1383
1386
1365
1355
1417
1434
1419
1427
1383
1376
1371
1342
1342
1345
1341
1422
1366
1351
1337
1366
1375
1417
1407
1374
1342
1368
1366
1336
1367
1334
1332
1424
1365
1336
1360
1332
1383
1360
1512
1463
1609
1402
1398
1338
1343
1336
1609
1396
1335
1359
1364
1332
1323
1337
1350
1351
1336
1336
1332
1337
1333
1329
1362
1342
1333
1363
1335
1334
1367
1366
1337
1359
1379
1336
1362
1390
1337
1333
1380
1334
1350
1390
1349
1333
1355
1327
1364
1361
1358
1599
1418
1370
1367
1364
1330
1348
1364
1363
1341
1338
1331
1348
1340
1355
1329
1364
1356
1334
1363
1351
1332
1358
1412
1387
1368
1379
1343
1334
1358
1337
1347
1362
1373
1349
1376
1364
1431
1367
1343
1399
1594
1342
1353
1336
1323
1734
1373
1394
1329
1358
1329
1332
1358
1331
1364
1361
1349
1334
1364
1356
1335
1329
1327
1355
1330
1412
1354
1383
1335
1345
1328
1351
1334
1331
1356
1333
1354
1355
1351
1351
1337
1332
1329
1386
1390
1329
1415
1351
1354
1416
1381
1356
1358
1340
1335
1332
1332
1331
1341
1377
1329
1354
1336
1336
1342
1359
1547
1336
1358
1349
1334
1361
1333
1385
1354
1350
1332
1333
1337
1339
1335
1343
1334
1358
1364
1334
1362
1336
1336
1615
1345
1358
1336
1369
1353
1679
1390
1350
1397
1387
1333
1353
1334
1334
1331
1342
1336
1345
1361
1353
1331
1362
1330
1336
1360
1359
1371
1343
1347
1346
1362
1335
1341
1360
1353
1358
1362
1331
1332
1331
1355
1338
1335
1356
1406
1330
1356
1392
1335
1331
1357
1340
1382
1369
1333
1400
1337
1334
1399
1330
1344
1361
1335
1329
1335
1336
1341
1362
1334
1327
1403
1391
1333
1361
1337
1351
1344
1336
1377
1344
1383
1381
1331
1355
1332
1335
1331
1406
1334
1630
1365
1337
1362
1331
1662
1359
1330
1393
1386
1337
1334
1357
1397
1359
1392
1394
1334
1370
1357
1362
1341
1339
1334
1334
1370
1332
1330
1358
1378
1354
1363
1332
1336
1355
1330
1377
1357
1366
1342
1333
1350
1358
1451
1441
1333
1336
1353
1336
1356
1357
1332
1410
1332
1336
1384
1336
1332
1341
1334
1330
1329
1362
1332
1366
1358
1338
1367
1360
1347
1344
1331
1354
1370
1370
1329
1334
1373
1442
1399
1361
1329
1426
1354
1365
1338
1359
1355
1380
1586
1380
1333
1439
1402
1362
1638
1361
1344
1360
1359
1444
1437
1360
1401
1335
1341
1361
1333
1337
1419
1333
1354
1410
1330
1355
1358
1332
1354
1367
1334
1403
1369
1334
1332
1354
1343
1356
1330
1401
1355
1337
1331
1331
1336
1450
1351
1360
1439
1359
1350
1464
1334
1365
1338
1333
1359
1352
1327
1339
1331
1331
1420
1334
1342
1374
1352
1395
1334
1382
1344
1336
1389
1423
1371
1338
1331
1370
1364
1347
1361
1356
1379
1399
1338
1344
1334
1344
1331
1621
1369
1425
1329
1338
1337
1652
1420
1383
1376
1373
1379
1399
1338
1348
1338
1331
1376
1332
1389
1334
1332
1355
1337
1331
1336
1358
1321
1355
1333
1350
1332
1359
1330
1323
1382
1359
1405
1335
1326
1358
1529
1605
1407
1509
1332
1381
1403
1344
1448
1334
1335
1421
1355
1360
1476
1368
1349
1430
1364
1334
1429
1468
1380
1329
1408
1404
1338
1420
1399
1367
1364
1421
1374
1330
1349
1363
1351
1360
1388
1363
1374
1374
1383
1334
1371
1392
1371
1346
1628
1359
1342
1366
1363
1649
1333
1357
1331
1340
1498
1338
1346
1335
1345
1410
1388
1363
1409
1336
1355
1381
1337
1338
1327
1390
1334
1347
1337
1357
1391
1376
1391
1339
1347
1335
1366
1351
1414
1364
1330
1379
1333
1335
1357
1337
1331
1330
1335
1342
1410
1366
1358
1392
1359
1349
1345
1338
1330
1337
1377
1337
1330
1405
1330
1332
1353
1330
1343
1363
1332
1335
1332
1362
1333
1354
1372
1332
1353
1412
1331
1391
1333
1356
1351
1339
1334
1354
1329
1628
1383
1360
1328
1331
1335
1656
1328
1356
1347
1325
1357
1329
1335
1336
1329
1329
1345
1356
1328
1357
1366
1334
1330
1330
1332
1356
1394
1332
1447
1414
1331
1328
1367
1333
1344
1338
1331
1350
2135
1340
1433
1360
1377
1459
1339
1384
1332
1335
1332
1329
1334
1338
1336
1353
1368
1351
1356
1357
1335
1377
1389
1402
1365
1362
1365
1372
1359
1335
1345
1354
1334
1329
1333
1338
1355
1359
1333
1356
1371
1343
1378
1413
1330
1360
1393
1347
1363
1437
1635
1329
1419
1427
1443
1632
1367
1374
1359
1337
1345
1359
1331
1329
1357
1329
1355
1343
1367
1330
1367
1357
1331
1368
1360
1328
1343
1335
1327
1398
1336
1334
1375
1364
1346
1357
1341
1324
1372
1333
1328
1327
1332
1371
1327
1350
1351
1331
1363
1326
1333
1354
1333
1341
1337
1354
1327
1344
1373
1329
1327
1334
1332
1334
1330
1345
1327
1334
1335
1348
1330
1333
1356
1351
1331
1328
1349
1331
1329
1356
1340
1350
1359
1394
1431
1360
1329
1420
1399
1375
1674
1358
1472
1332
1333
1695
1340
1340
1391
1329
1347
1384
1342
1373
1333
1332
1396
1358
1328
1369
1357
1332
1331
1361
1413
1377
1359
1355
1377
1362
1343
1335
1389
1332
1330
1334
1342
1333
1412
1421
1350
1380
1333
1397
1372
1369
1394
1332
1372
1348
1327
1351
1424
1348
1361
1335
1331
1362
1363
1333
1332
1331
1388
1359
1329
1330
1375
1541
1355
1476
1335
1327
1401
1368
1358
1458
1332
1352
1379
1346
1356
1362
1403
1389
1329
1354
1330
1328
1361
1610
1332
1338
1330
1337
1642
1331
1329
1356
1328
1368
1332
1330
1344
1364
1338
1359
1363
1331
1336
1332
1353
1328
1367
1341
1342
1335
1332
1331
1332
1387
1330
1354
1337
1332
1328
1370
1337
1331
1374
1335
1327
1332
1336
1331
1398
1333
1338
1408
1332
1388
1388
1378
1376
1356
1356
1359
1354
1355
