508
587
494
515
504
511
502
504
539
551
521
485
485
511
494
496
502
513
517
495
491
549
503
498
498
502
496
498
517
485
485
500
510
503
494
497
485
502
507
507
507
491
486
498
496
488
499
500
492
516
499
495
494
489
496
507
498
496
494
487
485
484
531
511
490
496
502
488
492
486
525
488
497
500
488
501
487
537
507
491
490
495
484
487
488
518
486
502
494
496
495
485
526
517
491
499
497
488
485
490
507
479
497
495
507
491
503
499
486
494
489
497
493
490
482
514
496
487
546
500
485
493
485
742
518
488
501
492
481
481
592
484
499
505
564
489
514
784
482
487
487
484
481
487
491
501
484
482
482
485
490
488
488
487
495
493
486
488
490
496
483
485
482
485
485
481
482
477
473
484
484
494
477
489
485
519
505
481
489
489
477
486
494
484
489
495
496
482
483
487
514
473
486
480
490
484
487
486
490
487
486
491
494
483
493
501
508
481
479
581
505
490
525
524
556
515
563
483
486
485
508
485
482
504
499
484
489
480
482
485
491
518
522
483
483
513
484
482
484
482
472
482
486
494
495
475
492
489
494
500
491
502
476
484
479
481
514
483
515
477
489
492
487
486
473
493
487
481
479
488
483
481
483
482
492
483
488
480
486
483
482
514
483
480
486
493
478
495
496
479
483
484
492
482
484
483
481
494
481
477
483
483
483
486
506
478
488
482
487
491
477
479
497
478
487
487
492
491
482
473
486
482
477
486
486
482
482
475
476
484
486
581
481
492
499
483
489
485
496
481
485
490
474
480
481
478
485
484
488
486
514
486
489
482
484
489
477
488
483
481
739
495
482
484
480
496
485
483
490
480
482
484
494
484
787
492
487
487
478
477
481
481
483
488
482
481
485
486
497
489
478
486
484
502
480
516
476
479
487
480
478
487
495
494
481
487
483
495
486
482
481
496
483
488
485
480
487
483
510
476
490
480
480
487
479
492
482
476
484
494
492
484
490
498
502
479
477
529
484
483
493
567
487
486
499
489
487
479
509
495
482
483
488
479
487
481
564
484
477
471
488
485
488
507
501
479
487
484
481
485
482
514
511
490
485
481
486
483
476
508
485
485
489
488
479
488
488
482
482
480
490
482
478
481
490
500
483
489
483
481
482
479
501
486
486
487
494
485
474
494
478
485
483
486
482
490
483
481
481
484
476
482
484
479
480
513
486
485
492
480
477
482
501
503
485
482
484
486
481
488
504
489
481
489
479
485
488
487
502
484
486
485
484
487
495
494
482
483
482
488
481
481
484
519
484
487
488
485
489
485
485
486
493
485
490
484
502
506
492
524
513
539
497
512
486
491
480
487
486
513
519
482
481
491
508
470
486
693
532
485
493
479
483
482
532
489
482
482
520
477
484
744
516
485
493
511
484
489
485
486
490
489
505
498
482
487
486
486
479
481
497
493
471
493
487
479
485
480
517
486
485
487
515
485
496
510
489
479
484
485
481
486
855
492
493
482
483
515
485
481
520
477
478
484
496
570
486
502
484
480
483
483
481
483
480
486
488
480
487
500
482
481
485
500
488
496
487
487
481
478
487
486
481
487
513
483
480
480
473
473
488
480
482
483
503
479
507
487
484
480
485
485
474
509
487
481
483
487
489
564
483
497
487
483
490
492
480
491
491
502
494
483
501
486
493
481
493
492
483
477
490
483
481
479
511
486
481
485
482
477
482
478
482
479
485
487
478
488
487
537
534
509
507
482
479
485
478
496
483
488
484
490
489
486
494
482
479
477
487
485
480
482
488
491
484
473
489
478
485
466
552
484
485
493
479
483
478
487
487
484
481
484
480
483
481
495
488
482
485
498
500
493
482
512
490
489
515
488
498
489
538
520
484
477
491
481
480
476
591
482
482
490
486
488
778
536
489
483
489
484
487
484
509
498
476
480
489
480
774
501
510
480
483
484
479
486
480
538
485
476
483
487
476
486
547
548
480
485
483
481
488
483
482
488
479
490
482
485
524
520
535
479
484
490
484
485
486
492
491
480
477
481
483
481
479
488
468
480
479
479
477
482
476
503
487
483
489
487
485
485
509
483
479
482
484
487
479
484
471
481
492
477
485
482
481
480
506
486
485
487
494
514
480
487
482
482
480
483
483
480
480
481
480
483
488
486
481
484
481
511
484
485
512
515
483
555
499
500
481
484
482
479
481
479
506
491
489
473
518
485
484
505
485
491
479
488
481
480
487
475
483
484
477
532
484
482
487
489
495
484
481
493
494
475
510
486
479
484
485
480
