1740
343
358
366
366
368
356
368
373
375
375
382
378
380
374
366
363
366
365
370
362
368
366
367
366
367
365
366
367
366
365
367
370
367
367
366
366
412
366
366
366
366
370
365
366
366
366
364
366
365
367
366
369
367
366
365
370
345
366
365
473
407
366
371
368
365
367
366
365
366
366
366
366
367
366
367
365
367
363
366
366
365
367
350
368
367
365
365
362
365
365
374
364
366
380
366
367
366
366
365
347
350
351
365
368
520
494
365
378
411
365
364
366
363
394
386
363
365
365
363
364
364
365
365
366
364
366
363
365
364
364
365
364
365
365
366
364
365
364
363
363
363
367
346
363
367
364
365
364
365
346
364
363
365
375
414
369
364
364
364
365
360
365
362
364
372
370
365
365
364
364
362
364
363
372
379
380
382
394
380
379
369
363
363
365
364
364
367
365
364
361
364
362
363
364
362
362
366
364
367
364
364
344
362
361
365
363
365
365
362
363
364
363
361
363
361
364
363
363
605
440
364
363
361
365
362
363
363
366
364
362
363
364
362
363
363
363
363
363
365
365
363
362
365
360
363
364
364
362
366
363
363
364
363
343
362
362
373
366
362
365
361
366
362
364
362
360
361
372
361
362
367
362
363
363
363
363
363
364
363
363
364
363
362
362
363
360
363
363
363
363
363
365
364
363
362
363
361
364
363
363
364
364
363
363
362
363
362
346
362
363
361
365
364
363
362
363
364
362
362
363
363
363
365
361
361
364
362
363
364
362
364
363
362
366
363
363
365
363
362
364
362
374
378
378
381
392
385
381
364
362
363
368
362
362
365
364
364
362
363
362
361
366
361
363
365
362
363
363
363
363
361
363
365
361
364
367
362
363
362
363
361
363
363
363
363
487
389
363
364
363
362
363
361
362
362
363
366
363
363
365
363
348
362
362
363
363
366
362
362
362
362
362
362
361
362
362
363
363
363
363
362
364
363
362
362
363
364
366
364
361
364
362
362
363
363
370
361
363
367
362
362
364
363
362
346
361
365
361
365
364
363
363
379
345
363
363
362
363
361
366
364
362
363
363
359
364
364
362
362
363
350
364
362
362
370
327
363
364
364
364
407
388
363
363
365
360
364
364
363
363
404
416
363
363
363
361
365
363
365
363
364
405
393
362
363
365
348
363
368
363
362
393
407
361
362
363
361
363
364
363
362
363
434
364
363
371
344
358
365
362
363
364
395
381
363
363
364
362
362
363
363
362
366
363
362
364
680
364
364
364
365
364
368
363
363
364
364
361
364
361
362
364
364
367
363
363
363
377
410
363
363
364
363
366
363
363
363
365
361
362
362
362
361
362
366
364
363
364
369
339
364
364
361
364
366
361
364
363
363
362
362
364
363
363
364
365
362
362
363
363
363
363
363
363
361
365
364
361
362
362
360
364
362
363
363
362
363
364
363
363
363
360
362
361
363
364
365
363
363
363
367
358
363
362
364
362
364
393
382
363
362
365
360
363
363
365
365
365
363
362
362
368
358
363
362
362
362
363
366
364
362
363
362
361
364
361
378
363
362
366
362
362
363
372
354
362
362
363
363
366
364
363
363
365
360
363
364
363
363
364
365
363
363
362
377
410
363
363
362
362
367
362
584
370
343
364
362
363
363
364
365
363
362
362
362
361
362
362
364
361
363
365
363
362
364
372
353
363
363
364
363
364
364
361
362
362
360
364
362
364
361
365
365
364
362
361
364
361
362
364
371
362
367
364
362
364
363
362
405
412
362
363
365
366
364
363
362
375
351
362
363
362
362
364
365
363
363
364
361
364
363
364
362
364
366
364
362
364
363
363
364
362
361
364
395
364
364
362
362
362
361
364
363
361
363
365
363
363
361
363
362
362
363
362
364
366
363
363
363
363
361
364
362
362
361
405
439
364
362
364
373
413
364
363
364
362
367
364
364
364
365
361
364
361
362
363
364
366
364
363
364
363
363
364
362
363
363
365
363
363
363
362
362
633
408
364
363
368
363
363
361
363
362
362
362
364
363
367
362
362
364
363
361
363
361
363
363
362
367
363
364
365
363
362
363
363
364
363
362
364
364
363
363
362
362
363
364
363
366
365
362
365
362
364
360
362
363
376
362
362
366
364
364
362
377
410
362
364
363
363
367
362
363
363
363
360
363
363
363
362
363
366
364
362
363
363
364
361
364
364
361
367
363
361
362
363
358
366
362
362
363
363
365
363
362
362
363
409
364
362
363
363
367
362
364
363
363
362
362
362
362
363
362
364
364
363
363
365
348
