1912
1959
1954
1861
1849
1876
1868
1834
1913
1850
1882
1835
1874
1844
1865
1826
1819
1766
1801
1767
1782
1877
1763
1802
1836
1770
1846
1760
1788
1794
1766
1828
1795
1813
1785
1807
1803
1910
1912
1811
2078
1755
1763
1801
2053
1794
1769
1757
1766
1756
1821
1792
1790
1756
1793
1759
1759
1759
1795
1795
1805
1771
1792
1835
1763
1745
1802
1760
1804
1785
1859
1762
1796
1796
1797
1775
1793
1767
1785
1818
1779
1836
1765
1817
1748
1832
1762
1833
1760
1794
1793
1765
1853
1753
1841
1794
1828
1794
1809
1760
1791
1765
1759
1807
1797
1811
1763
1811
1784
2029
1763
1813
1928
2044
1801
1800
1838
1778
1755
1779
1777
1850
1785
1815
1796
1856
1776
1838
1756
1763
1759
1839
1758
1784
1799
1832
1759
1811
1752
1776
1761
1757
1768
1784
1804
1753
1775
1795
1973
1783
1816
1762
1734
1798
1761
1803
1860
1776
1815
1788
1950
1759
1781
1762
1766
1801
1809
1757
1786
1795
1811
1788
1786
1760
1793
1759
1756
2054
1758
1808
1755
2108
1748
1751
1799
1795
1758
1787
1760
1756
1810
1778
1772
1804
1814
1748
1830
1851
1787
1817
1751
1758
1759
1785
1756
1787
1758
1801
1753
1758
1755
1806
1797
1794
1810
1784
1810
1748
1810
1801
1759
1797
1763
1761
1830
1799
1785
1795
1815
1803
1840
1757
1839
1787
1783
1914
1766
1825
1825
1800
1843
1827
1779
1752
1759
2127
1766
1766
1792
2092
1770
1890
1974
1818
1861
1823
1792
1780
1847
1793
1846
1760
1855
1773
1788
1780
1754
1892
1753
1819
1751
1812
1845
1886
1895
1801
1763
1785
1776
1795
1844
1791
1814
1809
1807
1798
1809
1891
1847
1757
1790
1782
1767
1838
1751
1842
1809
1829
1833
1822
1804
1817
1759
1823
1789
1806
1785
1783
1745
1934
1834
1809
2039
1757
1760
1755
2103
1756
1815
1789
1805
1757
1768
1780
1790
1790
1803
1758
1755
1804
1776
1848
1845
1787
1815
1829
1818
1868
1761
1860
1887
1802
1765
1762
1753
1761
1780
1788
1793
1880
1822
1762
1807
1790
1789
1812
1787
1842
1759
1822
1764
1781
1766
1796
1768
1758
1773
1762
1806
1755
1755
1773
1894
1824
1789
1866
1756
1758
1750
1816
2132
1784
1778
1783
2085
1762
1776
1793
1766
1837
1848
1787
1764
1791
1783
1762
1786
1784
1783
1754
1783
1761
1790
1789
1838
1848
1953
1907
1766
1868
1759
1802
1762
1835
1851
1830
1761
1892
1766
1955
1797
1798
1797
1780
1886
1849
1825
1760
1755
1761
1753
1741
1761
1794
1807
1786
1745
1825
1787
1755
1801
1825
1883
1764
1791
1791
1763
1752
2085
1796
1804
1753
2172
1824
1783
1842
1763
1833
1867
1892
1760
1803
1755
1759
1817
1816
1769
1778
1762
1766
1764
1759
1805
1760
1795
1785
1828
1799
1764
1758
1796
1805
1758
1800
1762
1780
1759
1783
1759
1764
1763
1759
1793
1769
1776
1765
1781
1782
1829
1763
1756
1801
1759
1808
1808
1817
1761
1820
1741
1806
1788
1792
1798
1823
1843
1756
2141
1861
2009
1917
2200
1868
1829
1845
1908
1836
1796
1880
1865
1818
1869
1824
1811
1790
1767
1798
1802
1762
1827
1778
1764
2599
1824
1833
1835
1982
1780
1852
1875
1796
1814
1823
1802
1753
1823
1804
1791
1780
1778
1743
1798
1873
1835
1852
1833
1789
1793
1786
1782
1847
1784
1798
1798
1789
1752
1816
1788
1769
1797
1758
1796
1969
1776
2052
1802
1787
1781
2081
1786
1750
1784
1779
1743
1756
1788
1749
1822
1847
1787
1841
1789
1827
1790
1787
1786
1754
1788
1745
1789
1800
1776
1789
1844
1792
1785
1792
1790
1809
1757
1819
1784
1848
1783
1803
1785
1851
1797
1824
1754
1772
1849
1788
2060
2063
1839
1840
1803
1861
1815
1862
1786
1856
1765
1878
1784
1868
1787
1814
1807
1836
2139
1844
1872
1781
2150
1785
1896
1749
1859
1825
1884
1788
1867
1790
1840
1802
1873
1802
1805
1849
1806
1838
1816
1754
1818
1852
1749
1802
1755
1829
1813
1819
1888
1922
1828
1773
1791
1812
1760
1786
1784
1752
1825
1799
1825
1759
1806
1796
1823
1791
1778
1783
1787
1788
1782
1766
1749
1754
1785
1838
1786
1785
1755
1753
1790
1748
1801
1796
2092
1751
1863
1842
2122
1794
1781
1757
1818
1760
1775
1794
1745
1846
1781
1851
1829
1807
1790
1851
1784
1867
1820
1759
1785
1758
1808
1789
1752
1785
1809
1869
1752
1947
1776
1851
1790
1825
1789
1821
1791
1786
1798
1821
1789
1811
1863
1774
1807
1801
1826
1875
1813
1829
1783
1793
1756
1817
2001
1904
1787
1793
1792
1780
1759
1768
1787
2018
1811
1742
1791
1763
2065
1790
1793
1815
1794
1785
1790
1789
1788
1784
1798
1785
1814
1780
1790
1758
1756
1784
1749
1785
1791
1802
1789
1827
1790
1781
1935
1768
1785
1790
1777
1864
1917
1785
1832
1791
1781
1754
1784
1756
1767
1831
1774
1771
1791
1808
1784
1847
1796
1803
1862
1831
1836
1922
1801
1750
1860
1828
1808
1798
1769
1754
1783
2105
1902
1836
1786
2084
1753
1791
1784
1784
1795
1784
1747
1813
1788
1768
1790
1794
1790
1789
1754
1811
1752
1838
1837
1836
1850
1831
1748
1837
1781
1762
1777
1768
1803
1821
1745
1815
1844
1885
1787
1791
1788
1801
1777
1785
1762
1791
1798
1753
1789
1749
1746
1794
1775
1810
1805
1821
1746
1765
1781
1789
1763
1866
1846
1787
1753
1748
1878
2085
1838
1784
1847
2129
1946
1811
1823
1793
1809
1785
1778
1799
1753
1787
1785
1773
1789
1789
1783
1782
1786
1807
1810
1801
1797
1752
1818
1743
1773
1744
1829
1775
1852
1786
1745
1755
1778
1783
1781
1752
1752
1835
1783
1814
1752
1811
1782
1753
1780
1789
1751
1792
1805
1771
1813
1750
1864
1835
1773
1838
1787
1815
1737
1787
1842
1754
1745
2074
1849
1760
1784
2050
1786
1785
1759
1796
1784
1786
